日期,平均地溫0cm(℃),平均地溫100cm(℃),平均地溫10cm(℃),平均地溫20cm(℃),平均地溫50cm(℃),平均地溫5cm(℃),平均氣壓(hPa),平均氣溫(℃),平均相對溼度( %),平均露點溫度(℃),平均風向(°),平均風速(ms),日最低氣壓(hPa),日最高氣壓(hPa),最低氣壓時間,最低氣溫(℃),最低氣溫時間,最低相對溼度( %),最低相對溼度時間,最大六十分鐘降水量(mm),最大六十分鐘降水量起始時間,最大十分鐘降水量(mm),最大十分鐘降水量起始時間,最大陣風風向(°),最大陣風風速(ms),最高氣壓時間,最高氣溫(℃),最高氣溫時間,海平面氣壓(hPa),累積日射量(MJm2),累積日照時數(hr),累積蒸發量(mm),累計雨量(mm)
2021-01-01,17.7,24.5,18.9,19.8,22.5,18.4,1018.6,13.6,71,8.2,350.0,1.8,1015.9,1020.8,2021-01-01 15:02:00,9.6,2021-01-01 04:54:00,44,2021-01-01 14:28:00,0.0,2021-01-01 00:00:00,0.0,2021-01-01 00:00:00,320.0,6.0,2021-01-01 08:37:00,20.6,2021-01-01 14:01:00,1023.8,16.98,8.9,0,0.0
2021-01-02,17.9,24.3,19.0,19.8,22.1,18.5,1016.9,13.7,81,10.1,350.0,1.1,1014.0,1018.6,2021-01-02 14:55:00,7.4,2021-01-02 06:42:00,47,2021-01-02 14:16:00,0.0,2021-01-02 00:00:00,0.0,2021-01-02 00:00:00,360.0,6.6,2021-01-02 00:40:00,22.2,2021-01-02 14:44:00,1022.1,17.20,9.0,0,0.0
2021-01-03,18.2,24.0,19.0,19.7,21.8,18.6,1016.8,15.8,81,12.1,360.0,2.0,1013.9,1018.8,2021-01-03 14:11:00,7.8,2021-01-03 06:54:00,45,2021-01-03 13:27:00,0.0,2021-01-03 00:00:00,0.0,2021-01-03 00:00:00,340.0,10.2,2021-01-03 08:48:00,24.3,2021-01-03 13:59:00,1022.0,17.73,9.3,0,0.0
2021-01-04,19.5,23.8,19.9,20.2,21.7,19.7,1015.2,18.2,84,15.1,360.0,2.4,1012.8,1017.6,2021-01-04 14:12:00,13.2,2021-01-04 06:29:00,53,2021-01-04 13:04:00,0.0,2021-01-04 00:00:00,0.0,2021-01-04 00:00:00,310.0,7.7,2021-01-04 00:19:00,25.3,2021-01-04 13:47:00,1020.4,16.61,8.4,0,0.0
2021-01-05,20.2,23.7,20.6,20.9,21.9,20.4,1013.8,18.3,82,15.2,360.0,2.9,1011.4,1015.7,2021-01-05 14:59:00,15.1,2021-01-05 23:28:00,57,2021-01-05 12:28:00,0.0,2021-01-05 00:00:00,0.0,2021-01-05 00:00:00,10.0,8.1,2021-01-05 08:41:00,24.2,2021-01-05 12:28:00,1019.0,17.26,8.5,0,0.0
2021-01-06,20.1,23.6,20.7,21.1,22.1,20.5,1013.2,17.6,80,14.1,350.0,1.4,1010.5,1015.3,2021-01-06 15:25:00,14.8,2021-01-06 03:04:00,64,2021-01-06 13:49:00,0.0,2021-01-06 00:00:00,0.0,2021-01-06 00:00:00,340.0,5.5,2021-01-06 08:31:00,21.5,2021-01-06 14:19:00,1018.4,7.00,6.7,0,0.0
2021-01-07,18.8,23.6,20.1,20.8,22.2,19.6,1014.1,14.4,88,12.5,360.0,2.9,1012.1,1016.2,2021-01-07 15:44:00,11.2,2021-01-07 23:54:00,72,2021-01-07 18:09:00,0.0,2021-01-07 00:00:00,0.0,2021-01-07 00:00:00,350.0,9.7,2021-01-08 00:00:00,16.7,2021-01-07 15:51:00,1019.3,3.92,4.4,0,0.0
2021-01-08,16.1,23.6,18.3,19.5,21.8,17.4,1017.4,9.9,76,5.8,360.0,3.7,1015.9,1019.0,2021-01-08 04:39:00,8.4,2021-01-08 22:54:00,69,2021-01-08 14:59:00,0.0,2021-01-08 00:00:00,0.0,2021-01-08 00:00:00,350.0,10.3,2021-01-08 21:52:00,11.4,2021-01-08 00:16:00,1022.6,4.16,4.5,0,0.0
2021-01-09,15.6,23.4,17.3,18.4,21.2,16.6,1017.6,10.9,62,4.1,360.0,2.6,1015.2,1019.5,2021-01-09 15:38:00,8.5,2021-01-09 00:03:00,53,2021-01-09 17:08:00,0.0,2021-01-09 00:00:00,0.0,2021-01-09 00:00:00,360.0,7.6,2021-01-09 08:58:00,15.7,2021-01-09 16:12:00,1022.8,9.60,8.1,0,0.0
2021-01-10,16.6,23.2,17.5,18.3,20.7,17.1,1017.1,12.9,71,7.3,350.0,1.3,1014.3,1018.8,2021-01-10 15:39:00,4.8,2021-01-10 06:45:00,45,2021-01-10 14:38:00,0.0,2021-01-10 00:00:00,0.0,2021-01-10 00:00:00,340.0,6.5,2021-01-10 01:02:00,20.6,2021-01-10 14:51:00,1022.3,16.81,8.4,0,0.0
2021-01-11,17.2,23.0,18.3,18.9,20.7,17.9,1017.2,13.8,76,9.7,360.0,2.9,1015.0,1019.4,2021-01-11 14:42:00,10.3,2021-01-11 23:56:00,62,2021-01-11 13:00:00,0.0,2021-01-11 00:00:00,0.0,2021-01-11 00:00:00,240.0,12.7,2021-01-11 09:27:00,19.0,2021-01-11 12:59:00,1022.4,10.22,8.4,0,0.0
2021-01-12,15.9,22.8,17.4,18.4,20.6,16.8,1016.2,11.8,73,6.9,360.0,3.3,1013.8,1018.5,2021-01-12 15:17:00,8.8,2021-01-12 23:06:00,52,2021-01-12 14:46:00,0.5,2021-01-12 00:00:00,0.5,2021-01-12 00:23:00,360.0,13.7,2021-01-12 00:01:00,17.4,2021-01-12 14:46:00,1021.4,11.30,8.1,0,0.5
2021-01-13,16.3,22.7,17.2,17.9,20.3,16.8,1014.1,13.1,73,7.6,350.0,1.2,1011.7,1015.7,2021-01-13 14:44:00,5.3,2021-01-13 06:54:00,28,2021-01-13 13:27:00,0.0,2021-01-13 00:00:00,0.0,2021-01-13 00:00:00,300.0,6.8,2021-01-13 09:08:00,23.9,2021-01-13 13:27:00,1019.3,18.70,9.3,0,0.0
2021-01-14,16.8,22.5,17.5,18.1,20.1,17.2,1013.1,14.1,73,8.4,360.0,0.9,1010.5,1014.9,2021-01-14 14:57:00,7.1,2021-01-14 07:06:00,33,2021-01-14 14:45:00,0.0,2021-01-14 00:00:00,0.0,2021-01-14 00:00:00,310.0,6.9,2021-01-14 00:15:00,23.4,2021-01-14 14:44:00,1018.2,18.35,9.3,0,0.0
2021-01-15,17.3,22.4,17.9,18.4,20.1,17.6,1011.4,15.3,76,10.5,360.0,1.2,1008.0,1013.6,2021-01-15 15:12:00,8.0,2021-01-15 05:26:00,33,2021-01-15 13:34:00,0.0,2021-01-15 00:00:00,0.0,2021-01-15 00:00:00,350.0,5.7,2021-01-15 00:32:00,25.1,2021-01-15 14:29:00,1016.6,17.29,9.0,0,0.0
2021-01-16,18.0,22.2,18.3,18.7,20.2,18.2,1011.9,16.1,79,11.7,330.0,1.2,1009.7,1014.6,2021-01-16 15:07:00,7.9,2021-01-16 06:43:00,31,2021-01-16 13:18:00,0.0,2021-01-16 00:00:00,0.0,2021-01-16 00:00:00,10.0,6.0,2021-01-16 23:39:00,26.1,2021-01-16 13:02:00,1017.1,17.29,9.1,0,0.0
2021-01-17,17.8,22.2,18.6,19.1,20.3,18.3,1016.1,15.2,74,10.5,360.0,3.2,1014.0,1018.7,2021-01-17 14:34:00,12.1,2021-01-18 00:00:00,50,2021-01-17 13:39:00,0.0,2021-01-17 00:00:00,0.0,2021-01-17 00:00:00,340.0,10.1,2021-01-17 22:06:00,21.6,2021-01-17 13:38:00,1021.3,14.93,8.6,0,0.0
2021-01-18,17.8,22.1,18.4,18.9,20.4,18.1,1016.6,14.5,76,10.0,340.0,1.2,1013.7,1018.5,2021-01-18 14:51:00,7.8,2021-01-18 06:54:00,50,2021-01-18 14:59:00,0.0,2021-01-18 00:00:00,0.0,2021-01-18 00:00:00,310.0,6.9,2021-01-18 00:01:00,22.3,2021-01-18 14:59:00,1021.8,16.95,9.0,0,0.0
2021-01-19,18.3,22.1,18.8,19.2,20.4,18.6,1015.0,15.4,79,11.4,330.0,0.8,1013.3,1016.3,2021-01-19 15:09:00,8.6,2021-01-19 06:49:00,48,2021-01-19 13:43:00,0.0,2021-01-19 00:00:00,0.0,2021-01-19 00:00:00,310.0,7.3,2021-01-19 09:35:00,23.3,2021-01-19 13:42:00,1020.2,17.08,9.0,0,0.0
2021-01-20,18.9,22.1,19.2,19.5,20.5,19.1,1013.5,17.0,84,13.9,340.0,1.2,1011.4,1015.5,2021-01-20 15:57:00,10.0,2021-01-20 06:54:00,50,2021-01-20 12:58:00,0.0,2021-01-20 00:00:00,0.0,2021-01-20 00:00:00,320.0,7.0,2021-01-20 08:42:00,25.7,2021-01-20 13:29:00,1018.7,17.49,8.9,0,0.0
2021-01-21,20.6,22.1,20.4,20.3,20.7,20.4,1010.5,20.2,83,16.9,340.0,1.0,1008.1,1013.0,2021-01-21 14:10:00,15.1,2021-01-21 00:14:00,41,2021-01-21 14:10:00,0.0,2021-01-21 00:00:00,0.0,2021-01-21 00:00:00,240.0,5.9,2021-01-21 00:01:00,30.1,2021-01-21 14:09:00,1015.7,12.78,8.6,0,0.0
2021-01-22,21.2,22.1,21.3,21.3,21.2,21.3,1007.0,19.7,93,18.6,10.0,1.0,1004.7,1009.1,2021-01-22 16:33:00,16.4,2021-01-22 23:42:00,67,2021-01-22 12:08:00,3.0,2021-01-22 13:23:00,1.0,2021-01-22 13:31:00,120.0,5.1,2021-01-22 00:01:00,25.1,2021-01-22 12:07:00,1012.1,5.64,5.6,0,3.5
2021-01-23,20.5,22.3,20.9,21.1,21.5,20.8,1008.7,18.5,94,17.5,360.0,1.2,1006.2,1011.4,2021-01-23 15:40:00,14.4,2021-01-23 23:54:00,70,2021-01-23 16:28:00,0.0,2021-01-23 00:00:00,0.0,2021-01-23 00:00:00,340.0,5.8,2021-01-23 23:42:00,24.7,2021-01-23 16:16:00,1013.8,7.55,6.9,0,0.0
2021-01-24,20.2,22.4,20.5,20.8,21.5,20.4,1012.3,17.9,87,15.7,350.0,1.2,1010.8,1013.9,2021-01-24 14:56:00,13.9,2021-01-24 01:54:00,65,2021-01-24 15:50:00,0.0,2021-01-24 00:00:00,0.0,2021-01-24 00:00:00,360.0,6.3,2021-01-24 09:38:00,24.1,2021-01-24 15:18:00,1017.5,12.78,8.0,0,0.0
2021-01-25,20.1,22.4,20.5,20.8,21.5,20.3,1012.9,18.8,78,14.4,360.0,1.9,1010.3,1015.2,2021-01-25 15:08:00,13.3,2021-01-26 00:00:00,48,2021-01-25 14:52:00,0.0,2021-01-25 00:00:00,0.0,2021-01-25 00:00:00,30.0,8.3,2021-01-25 07:54:00,26.9,2021-01-25 12:55:00,1018.0,18.78,9.2,0,0.0
2021-01-26,19.9,22.5,20.3,20.7,21.5,20.2,1012.2,17.2,88,15.1,350.0,1.3,1009.9,1014.2,2021-01-26 16:19:00,13.0,2021-01-26 02:35:00,61,2021-01-26 15:37:00,0.0,2021-01-26 00:00:00,0.0,2021-01-26 00:00:00,330.0,6.6,2021-01-26 09:14:00,23.9,2021-01-26 15:55:00,1017.4,16.54,8.3,0,0.0
2021-01-27,20.2,22.5,20.6,20.8,21.5,20.4,1012.6,17.7,87,15.3,360.0,1.9,1009.8,1014.7,2021-01-27 15:20:00,14.0,2021-01-27 00:16:00,55,2021-01-27 14:41:00,0.0,2021-01-27 00:00:00,0.0,2021-01-27 00:00:00,340.0,5.7,2021-01-27 09:35:00,25.0,2021-01-27 14:40:00,1017.8,13.51,7.5,0,0.0
2021-01-28,19.4,22.5,20.3,20.7,21.6,20.0,1014.8,16.6,81,13.2,360.0,2.9,1012.9,1016.7,2021-01-28 15:17:00,12.4,2021-01-29 00:00:00,53,2021-01-28 14:18:00,0.0,2021-01-28 00:00:00,0.0,2021-01-28 00:00:00,350.0,12.6,2021-01-28 23:00:00,23.8,2021-01-28 12:43:00,1020.0,16.12,7.6,0,0.0
2021-01-29,19.1,22.5,19.8,20.3,21.5,19.5,1016.5,15.4,76,10.7,310.0,1.2,1014.8,1018.5,2021-01-29 14:31:00,9.7,2021-01-29 06:20:00,46,2021-01-29 13:48:00,0.0,2021-01-29 00:00:00,0.0,2021-01-29 00:00:00,310.0,7.3,2021-01-29 22:11:00,23.7,2021-01-29 13:47:00,1021.7,16.34,9.0,0,0.0
2021-01-30,19.3,22.5,19.9,20.3,21.4,19.6,1018.0,15.6,82,12.0,270.0,0.9,1016.2,1019.6,2021-01-30 15:17:00,9.2,2021-01-30 06:46:00,50,2021-01-30 12:10:00,0.0,2021-01-30 00:00:00,0.0,2021-01-30 00:00:00,330.0,5.9,2021-01-30 09:30:00,23.6,2021-01-30 13:04:00,1023.2,18.35,9.2,0,0.0
2021-01-31,19.3,22.5,20.0,20.4,21.3,19.7,1017.7,15.9,81,11.9,350.0,1.1,1015.5,1019.9,2021-01-31 15:08:00,10.4,2021-01-31 03:45:00,41,2021-01-31 13:07:00,0.0,2021-01-31 00:00:00,0.0,2021-01-31 00:00:00,320.0,7.6,2021-01-31 08:54:00,24.9,2021-01-31 12:57:00,1022.9,17.86,8.7,0,0.0
2021-02-01,19.4,22.5,19.9,20.3,21.3,19.7,1015.2,17.4,67,10.0,340.0,1.1,1013.0,1017.4,2021-02-01 15:29:00,10.1,2021-02-01 02:17:00,21,2021-02-01 12:38:00,0.0,2021-02-01 00:00:00,0.0,2021-02-01 00:00:00,350.0,6.4,2021-02-01 09:20:00,26.7,2021-02-01 13:29:00,1020.4,19.65,9.4,0,0.0
2021-02-02,19.6,22.4,20.0,20.4,21.3,19.8,1015.0,18.0,72,11.9,350.0,1.3,1012.6,1016.9,2021-02-02 15:29:00,10.0,2021-02-02 06:39:00,29,2021-02-02 12:22:00,0.0,2021-02-02 00:00:00,0.0,2021-02-02 00:00:00,330.0,8.0,2021-02-02 09:13:00,27.2,2021-02-02 14:09:00,1020.2,19.09,9.3,0,0.0
2021-02-03,20.0,22.4,20.4,20.6,21.3,20.2,1016.9,17.1,82,13.6,290.0,0.9,1014.7,1019.0,2021-02-03 14:41:00,10.6,2021-02-03 06:19:00,47,2021-02-03 12:34:00,0.0,2021-02-03 00:00:00,0.0,2021-02-03 00:00:00,310.0,6.6,2021-02-03 09:11:00,26.2,2021-02-03 12:30:00,1022.1,18.92,9.2,0,0.0
2021-02-04,20.2,22.4,20.6,20.8,21.4,20.4,1016.9,17.4,82,13.9,320.0,0.8,1014.7,1019.2,2021-02-04 15:35:00,10.9,2021-02-04 06:00:00,49,2021-02-04 15:34:00,0.0,2021-02-04 00:00:00,0.0,2021-02-04 00:00:00,320.0,6.2,2021-02-04 09:20:00,25.4,2021-02-04 13:11:00,1022.1,18.81,9.3,0,0.0
2021-02-05,20.5,22.4,20.8,21.0,21.5,20.7,1015.2,17.6,83,14.3,250.0,0.9,1013.2,1017.3,2021-02-05 15:23:00,11.3,2021-02-05 06:43:00,48,2021-02-05 13:33:00,0.0,2021-02-05 00:00:00,0.0,2021-02-05 00:00:00,210.0,6.0,2021-02-05 09:04:00,26.0,2021-02-05 14:13:00,1020.4,18.73,8.9,0,0.0
2021-02-06,20.7,22.5,21.0,21.1,21.7,20.9,1013.5,18.7,76,13.6,330.0,1.2,1011.3,1015.8,2021-02-06 15:09:00,11.5,2021-02-06 06:06:00,35,2021-02-06 12:58:00,0.0,2021-02-06 00:00:00,0.0,2021-02-06 00:00:00,320.0,6.1,2021-02-06 09:14:00,27.3,2021-02-06 12:53:00,1018.6,20.03,9.4,0,0.0
2021-02-07,20.9,22.5,21.2,21.4,21.8,21.1,1013.5,17.7,87,15.0,340.0,1.4,1011.2,1015.8,2021-02-07 15:03:00,11.8,2021-02-07 04:54:00,45,2021-02-07 13:25:00,0.0,2021-02-07 00:00:00,0.0,2021-02-07 00:00:00,310.0,7.6,2021-02-07 09:47:00,27.6,2021-02-07 13:37:00,1018.7,18.28,8.5,0,0.0
2021-02-08,21.2,22.5,21.4,21.6,21.9,21.3,1014.2,18.3,84,15.2,330.0,1.1,1012.4,1016.0,2021-02-08 14:42:00,13.0,2021-02-08 00:27:00,47,2021-02-08 15:06:00,0.0,2021-02-08 00:00:00,0.0,2021-02-08 00:00:00,280.0,5.9,2021-02-08 22:38:00,27.2,2021-02-08 14:33:00,1019.4,16.25,8.6,0,0.0
2021-02-09,21.3,22.6,21.6,21.8,22.1,21.5,1013.8,18.4,82,15.0,310.0,1.0,1011.5,1016.0,2021-02-09 15:42:00,13.0,2021-02-09 06:54:00,56,2021-02-09 14:56:00,0.0,2021-02-09 00:00:00,0.0,2021-02-09 00:00:00,300.0,6.0,2021-02-09 10:11:00,25.1,2021-02-09 14:56:00,1019.0,17.40,9.3,0,0.0
2021-02-10,21.4,22.7,21.8,21.9,22.2,21.6,1009.5,18.7,86,16.2,350.0,1.4,1006.7,1013.3,2021-02-10 15:45:00,14.5,2021-02-10 00:28:00,63,2021-02-10 14:05:00,0.0,2021-02-10 00:00:00,0.0,2021-02-10 00:00:00,320.0,7.0,2021-02-10 00:07:00,24.4,2021-02-10 14:14:00,1014.6,12.07,8.5,0,0.0
2021-02-11,20.6,22.7,21.2,21.6,22.2,21.0,1006.4,18.3,92,17.1,360.0,3.1,1004.4,1008.3,2021-02-11 14:22:00,15.9,2021-02-11 23:54:00,69,2021-02-11 12:04:00,6.0,2021-02-11 03:37:00,2.5,2021-02-11 04:13:00,10.0,11.0,2021-02-11 23:13:00,24.7,2021-02-11 11:52:00,1011.6,11.83,6.0,0,7.0
2021-02-12,20.7,22.8,21.1,21.4,22.2,20.9,1009.4,18.4,88,16.3,360.0,2.0,1007.5,1011.4,2021-02-12 04:39:00,15.8,2021-02-12 01:54:00,63,2021-02-12 14:47:00,0.0,2021-02-12 00:00:00,0.0,2021-02-12 00:00:00,360.0,6.8,2021-02-12 22:42:00,24.2,2021-02-12 14:06:00,1014.5,12.40,7.0,0,0.0
2021-02-13,21.8,22.8,21.7,21.8,22.1,21.7,1010.7,20.3,83,17.1,340.0,1.6,1008.8,1012.4,2021-02-13 16:23:00,16.5,2021-02-13 06:54:00,50,2021-02-13 16:00:00,0.0,2021-02-13 00:00:00,0.0,2021-02-13 00:00:00,340.0,6.7,2021-02-13 09:36:00,26.8,2021-02-13 14:31:00,1015.9,18.87,9.3,0,0.0
2021-02-14,22.1,22.8,22.3,22.3,22.4,22.2,1010.1,18.8,89,16.8,350.0,1.4,1008.1,1012.2,2021-02-14 15:28:00,14.2,2021-02-14 23:28:00,55,2021-02-14 14:09:00,0.0,2021-02-14 00:00:00,0.0,2021-02-14 00:00:00,320.0,7.1,2021-02-14 09:40:00,26.2,2021-02-14 14:29:00,1015.3,17.03,9.0,0,0.0
2021-02-15,21.9,22.9,22.1,22.3,22.5,22.0,1010.5,19.0,83,15.7,350.0,1.2,1009.1,1011.8,2021-02-15 14:15:00,13.8,2021-02-15 00:50:00,45,2021-02-15 13:23:00,0.0,2021-02-15 00:00:00,0.0,2021-02-15 00:00:00,320.0,7.8,2021-02-15 09:27:00,27.1,2021-02-15 13:26:00,1015.7,20.83,9.2,0,0.0
2021-02-16,22.1,23.0,22.3,22.4,22.6,22.2,1011.4,19.8,78,15.4,330.0,1.1,1009.2,1013.1,2021-02-16 15:12:00,14.4,2021-02-16 06:27:00,42,2021-02-16 12:13:00,0.0,2021-02-16 00:00:00,0.0,2021-02-16 00:00:00,280.0,7.4,2021-02-16 08:47:00,27.7,2021-02-16 12:59:00,1016.6,20.94,9.5,0,0.0
2021-02-17,21.4,23.0,22.1,22.4,22.7,21.9,1014.0,18.2,76,13.7,360.0,2.9,1011.9,1017.1,2021-02-17 01:43:00,13.7,2021-02-18 00:00:00,52,2021-02-17 15:10:00,0.5,2021-02-17 07:48:00,0.5,2021-02-17 08:38:00,360.0,10.0,2021-02-17 23:12:00,23.9,2021-02-17 14:10:00,1019.2,17.95,9.0,0,0.5
2021-02-18,20.3,23.1,21.2,21.7,22.6,20.8,1018.4,15.8,70,10.0,320.0,1.7,1016.4,1020.4,2021-02-18 14:57:00,10.6,2021-02-18 23:54:00,50,2021-02-18 16:44:00,0.0,2021-02-18 00:00:00,0.0,2021-02-18 00:00:00,190.0,7.7,2021-02-18 22:31:00,23.8,2021-02-18 14:22:00,1023.6,17.52,8.6,0,0.0
2021-02-19,19.7,23.1,20.6,21.2,22.3,20.3,1018.2,15.4,78,11.0,220.0,1.0,1016.6,1020.3,2021-02-19 16:00:00,9.1,2021-02-19 05:43:00,45,2021-02-19 14:01:00,0.0,2021-02-19 00:00:00,0.0,2021-02-19 00:00:00,230.0,6.9,2021-02-19 09:37:00,23.0,2021-02-19 12:32:00,1023.5,19.95,9.8,0,0.0
2021-02-20,19.7,23.0,20.4,20.9,22.1,20.1,1015.9,16.4,70,10.2,240.0,1.3,1013.9,1018.0,2021-02-20 15:40:00,8.9,2021-02-20 06:17:00,29,2021-02-20 10:57:00,0.0,2021-02-20 00:00:00,0.0,2021-02-20 00:00:00,240.0,6.5,2021-02-20 00:01:00,24.2,2021-02-20 13:34:00,1021.1,22.06,9.8,0,0.0
2021-02-21,20.2,23.0,20.7,21.0,22.0,20.5,1013.9,18.2,65,11.1,30.0,1.4,1011.8,1016.5,2021-02-21 15:35:00,12.7,2021-02-21 03:19:00,36,2021-02-21 09:47:00,0.0,2021-02-21 00:00:00,0.0,2021-02-21 00:00:00,330.0,6.9,2021-02-21 09:20:00,25.7,2021-02-21 14:47:00,1019.1,22.07,9.8,0,0.0
2021-02-22,21.0,22.9,21.2,21.4,22.0,21.1,1012.0,19.4,70,13.1,330.0,1.1,1009.7,1013.9,2021-02-22 14:44:00,11.8,2021-02-22 04:34:00,40,2021-02-22 10:07:00,0.0,2021-02-22 00:00:00,0.0,2021-02-22 00:00:00,310.0,6.6,2021-02-22 00:01:00,28.0,2021-02-22 14:10:00,1017.1,22.46,9.9,0,0.0
2021-02-23,21.9,22.9,21.9,22.0,22.2,21.9,1010.2,20.4,79,16.4,340.0,1.3,1007.9,1012.2,2021-02-23 15:07:00,13.9,2021-02-23 00:40:00,54,2021-02-23 12:25:00,0.0,2021-02-23 00:00:00,0.0,2021-02-23 00:00:00,300.0,6.3,2021-02-23 00:01:00,27.7,2021-02-23 12:19:00,1015.3,15.47,9.1,0,0.0
2021-02-24,23.1,22.9,22.9,22.8,22.5,23.0,1009.1,21.1,84,18.1,340.0,1.4,1006.6,1011.1,2021-02-24 16:07:00,17.8,2021-02-24 22:19:00,58,2021-02-24 13:59:00,0.0,2021-02-24 00:00:00,0.0,2021-02-24 00:00:00,310.0,5.9,2021-02-24 09:17:00,28.6,2021-02-24 13:59:00,1014.2,16.77,8.5,0,0.0
2021-02-25,23.5,23.0,23.4,23.3,22.9,23.5,1006.7,21.3,82,17.9,340.0,1.4,1004.5,1009.1,2021-02-25 19:09:00,16.7,2021-02-25 06:24:00,56,2021-02-25 15:55:00,0.0,2021-02-25 00:00:00,0.0,2021-02-25 00:00:00,320.0,7.5,2021-02-25 00:44:00,28.4,2021-02-25 13:06:00,1011.8,21.99,9.8,0,0.0
2021-02-26,23.7,23.1,23.7,23.7,23.2,23.7,1005.6,21.7,82,18.0,340.0,1.5,1003.6,1007.8,2021-02-26 15:49:00,15.9,2021-02-26 05:19:00,54,2021-02-26 12:24:00,0.0,2021-02-26 00:00:00,0.0,2021-02-26 00:00:00,320.0,7.6,2021-02-26 23:19:00,29.2,2021-02-26 12:37:00,1010.8,20.54,9.8,0,0.0
2021-02-27,23.8,23.3,24.0,24.0,23.5,24.0,1009.2,20.5,83,17.4,350.0,2.2,1007.2,1011.8,2021-02-27 14:40:00,16.1,2021-02-27 23:58:00,58,2021-02-27 13:43:00,0.0,2021-02-27 00:00:00,0.0,2021-02-27 00:00:00,350.0,7.9,2021-02-27 23:57:00,27.6,2021-02-27 13:43:00,1014.4,18.67,8.6,0,0.0
2021-02-28,23.7,23.4,23.8,24.0,23.7,23.8,1011.4,20.8,81,17.1,340.0,1.3,1009.4,1013.4,2021-02-28 15:57:00,14.8,2021-02-28 04:54:00,55,2021-02-28 12:52:00,0.0,2021-02-28 00:00:00,0.0,2021-02-28 00:00:00,310.0,7.4,2021-02-28 09:30:00,28.7,2021-02-28 12:51:00,1016.5,20.60,9.7,0,0.0
2021-03-01,24.4,23.5,24.4,24.3,23.8,24.4,1012.0,22.3,79,18.0,350.0,1.2,1010.1,1014.4,2021-03-01 14:44:00,15.6,2021-03-01 06:36:00,50,2021-03-01 13:20:00,0.0,2021-03-01 00:00:00,0.0,2021-03-01 00:00:00,280.0,6.6,2021-03-01 09:16:00,30.2,2021-03-01 14:34:00,1017.2,20.67,9.6,0,0.0
2021-03-02,23.9,23.7,24.5,24.6,24.1,24.3,1013.0,20.6,78,16.5,360.0,2.4,1011.0,1016.1,2021-03-02 03:03:00,16.0,2021-03-02 23:27:00,59,2021-03-02 14:28:00,0.0,2021-03-02 00:00:00,0.0,2021-03-02 00:00:00,290.0,10.1,2021-03-02 23:09:00,25.9,2021-03-02 12:19:00,1018.2,18.87,9.5,0,0.0
2021-03-03,22.6,23.8,23.5,24.0,24.1,23.2,1015.4,18.5,82,15.2,360.0,1.8,1013.5,1017.0,2021-03-03 15:49:00,14.7,2021-03-03 03:54:00,58,2021-03-03 13:29:00,0.5,2021-03-03 02:18:00,0.5,2021-03-03 03:08:00,360.0,7.9,2021-03-03 07:25:00,24.9,2021-03-03 12:43:00,1020.6,14.72,8.3,0,0.5
2021-03-04,22.7,23.9,23.1,23.5,23.9,23.0,1014.4,20.1,80,16.4,350.0,1.6,1012.7,1016.4,2021-03-04 16:12:00,14.2,2021-03-04 06:23:00,51,2021-03-04 13:13:00,0.0,2021-03-04 00:00:00,0.0,2021-03-04 00:00:00,330.0,6.8,2021-03-04 00:40:00,28.6,2021-03-04 13:12:00,1019.6,14.87,8.3,0,0.0
2021-03-05,23.6,23.9,23.6,23.8,23.8,23.6,1012.4,22.1,81,18.5,310.0,1.0,1010.1,1014.4,2021-03-05 14:36:00,16.7,2021-03-05 06:15:00,54,2021-03-05 14:31:00,0.0,2021-03-05 00:00:00,0.0,2021-03-05 00:00:00,320.0,6.8,2021-03-05 00:01:00,30.1,2021-03-05 14:31:00,1017.5,15.41,9.2,0,0.0
2021-03-06,24.5,23.9,24.3,24.3,24.0,24.4,1012.4,23.3,80,19.5,330.0,1.6,1010.3,1014.4,2021-03-06 15:27:00,17.8,2021-03-06 06:30:00,56,2021-03-06 13:22:00,0.0,2021-03-06 00:00:00,0.0,2021-03-06 00:00:00,280.0,7.1,2021-03-06 22:24:00,30.5,2021-03-06 14:12:00,1017.6,19.77,9.3,0,0.0
2021-03-07,24.0,24.0,24.5,24.7,24.3,24.4,1013.6,20.6,83,17.5,350.0,2.5,1011.5,1015.8,2021-03-07 15:16:00,16.6,2021-03-07 23:18:00,61,2021-03-07 12:44:00,0.0,2021-03-07 00:00:00,0.0,2021-03-07 00:00:00,340.0,8.1,2021-03-07 23:13:00,27.0,2021-03-07 12:44:00,1018.7,19.19,9.2,0,0.0
2021-03-08,23.7,24.1,24.2,24.5,24.4,24.1,1014.7,20.4,80,16.7,350.0,2.1,1012.0,1016.6,2021-03-08 14:58:00,16.3,2021-03-08 01:20:00,56,2021-03-08 15:05:00,0.0,2021-03-08 00:00:00,0.0,2021-03-08 00:00:00,330.0,7.3,2021-03-08 09:56:00,27.9,2021-03-08 15:05:00,1019.9,20.24,9.6,0,0.0
2021-03-09,23.7,24.2,24.2,24.5,24.5,24.1,1015.0,20.2,83,17.0,350.0,2.0,1012.2,1017.0,2021-03-09 14:57:00,15.4,2021-03-09 05:12:00,52,2021-03-09 13:45:00,0.0,2021-03-09 00:00:00,0.0,2021-03-09 00:00:00,360.0,8.8,2021-03-09 08:31:00,28.9,2021-03-09 13:59:00,1020.2,20.37,9.2,0,0.0
2021-03-10,24.1,24.3,24.4,24.7,24.6,24.4,1015.4,20.8,82,17.3,330.0,1.3,1012.8,1017.1,2021-03-10 15:28:00,15.8,2021-03-10 03:14:00,54,2021-03-10 14:21:00,0.0,2021-03-10 00:00:00,0.0,2021-03-10 00:00:00,340.0,6.2,2021-03-10 23:32:00,28.4,2021-03-10 14:05:00,1020.6,17.56,8.5,0,0.0
2021-03-11,24.3,24.4,24.7,24.9,24.7,24.6,1015.4,20.5,84,17.4,320.0,1.1,1013.2,1017.5,2021-03-11 15:55:00,15.5,2021-03-11 05:43:00,57,2021-03-11 13:52:00,0.0,2021-03-11 00:00:00,0.0,2021-03-11 00:00:00,310.0,6.4,2021-03-11 09:09:00,27.3,2021-03-11 13:52:00,1020.6,21.64,10.0,0,0.0
2021-03-12,24.4,24.4,24.7,24.9,24.8,24.6,1014.1,21.8,78,17.4,350.0,1.5,1011.6,1016.2,2021-03-12 15:50:00,15.4,2021-03-12 06:31:00,46,2021-03-12 12:30:00,0.0,2021-03-12 00:00:00,0.0,2021-03-12 00:00:00,300.0,11.0,2021-03-12 08:08:00,30.5,2021-03-12 12:30:00,1019.3,21.86,10.0,0,0.0
2021-03-13,24.5,24.5,24.9,25.1,24.9,24.8,1013.4,21.2,79,17.1,340.0,1.5,1010.9,1015.3,2021-03-13 15:26:00,16.5,2021-03-13 06:15:00,49,2021-03-13 14:07:00,0.0,2021-03-13 00:00:00,0.0,2021-03-13 00:00:00,350.0,8.2,2021-03-13 08:36:00,29.4,2021-03-13 14:07:00,1018.6,21.42,10.0,0,0.0
2021-03-14,24.2,24.6,24.7,25.0,25.0,24.6,1011.9,20.7,78,16.3,340.0,1.6,1009.6,1013.8,2021-03-14 15:00:00,15.4,2021-03-14 04:17:00,48,2021-03-14 15:17:00,0.0,2021-03-14 00:00:00,0.0,2021-03-14 00:00:00,310.0,8.6,2021-03-14 00:01:00,28.3,2021-03-14 14:27:00,1017.1,20.42,9.9,0,0.0
2021-03-15,24.3,24.7,24.7,25.0,25.0,24.6,1010.7,20.8,78,16.6,340.0,1.4,1008.8,1012.7,2021-03-15 15:56:00,14.6,2021-03-15 06:12:00,55,2021-03-15 14:03:00,0.0,2021-03-15 00:00:00,0.0,2021-03-15 00:00:00,320.0,9.0,2021-03-15 09:13:00,28.0,2021-03-15 12:20:00,1015.9,22.99,9.8,0,0.0
2021-03-16,25.1,24.7,25.1,25.3,25.1,25.2,1009.3,23.1,74,17.6,340.0,1.3,1007.3,1010.8,2021-03-16 14:58:00,16.0,2021-03-16 06:04:00,46,2021-03-16 12:25:00,0.0,2021-03-16 00:00:00,0.0,2021-03-16 00:00:00,310.0,8.0,2021-03-16 00:01:00,31.7,2021-03-16 12:48:00,1014.5,24.16,10.3,0,0.0
2021-03-17,25.6,24.8,25.6,25.7,25.3,25.7,1009.0,24.1,75,18.9,350.0,1.7,1006.9,1010.5,2021-03-17 15:45:00,17.0,2021-03-17 03:11:00,49,2021-03-17 15:27:00,0.0,2021-03-17 00:00:00,0.0,2021-03-17 00:00:00,20.0,7.7,2021-03-17 23:20:00,31.9,2021-03-17 13:56:00,1014.1,22.77,10.2,0,0.0
2021-03-18,26.1,24.9,26.1,26.1,25.5,26.1,1009.0,23.7,79,19.5,350.0,1.8,1006.9,1011.0,2021-03-18 16:00:00,19.2,2021-03-18 06:00:00,49,2021-03-18 15:00:00,0.0,2021-03-18 00:00:00,0.0,2021-03-18 00:00:00,0.0,7.5,2021-03-18 09:00:00,31.4,2021-03-18 14:00:00,1013.9,22.45,9.6,0,0.0
2021-03-19,26.4,25.0,26.4,26.5,25.8,26.4,1008.4,23.4,81,19.6,340.0,1.4,1005.9,1010.7,2021-03-19 15:34:00,19.1,2021-03-19 03:37:00,51,2021-03-19 13:29:00,0.0,2021-03-19 00:00:00,0.0,2021-03-19 00:00:00,300.0,7.0,2021-03-19 08:35:00,30.9,2021-03-19 13:38:00,1013.5,21.79,10.1,0,0.0
2021-03-20,26.4,25.1,26.5,26.6,26.0,26.5,1007.1,23.6,81,19.9,330.0,1.3,1004.9,1008.8,2021-03-20 15:05:00,18.1,2021-03-20 05:00:00,48,2021-03-20 14:15:00,0.0,2021-03-20 00:00:00,0.0,2021-03-20 00:00:00,330.0,7.2,2021-03-20 08:54:00,31.0,2021-03-20 14:15:00,1012.2,21.26,10.1,0,0.0
2021-03-21,25.4,25.2,26.2,26.6,26.1,26.0,1010.5,21.1,78,17.1,350.0,3.1,1007.5,1015.1,2021-03-21 01:44:00,15.4,2021-03-21 23:54:00,59,2021-03-21 14:50:00,0.0,2021-03-21 00:00:00,0.0,2021-03-21 00:00:00,10.0,10.3,2021-03-21 23:30:00,27.9,2021-03-21 12:53:00,1015.7,18.79,9.0,0,0.0
2021-03-22,22.0,25.3,24.1,25.1,25.9,23.4,1016.5,15.6,78,11.9,360.0,2.7,1014.1,1018.5,2021-03-22 02:11:00,14.0,2021-03-22 20:57:00,71,2021-03-22 08:10:00,0.0,2021-03-22 00:00:00,0.0,2021-03-22 00:00:00,350.0,8.3,2021-03-22 21:44:00,17.5,2021-03-22 11:35:00,1021.7,4.52,4.5,0,0.0
2021-03-23,22.4,25.4,23.1,23.9,25.2,22.9,1015.1,18.7,77,14.4,340.0,1.2,1012.3,1017.7,2021-03-23 16:02:00,14.4,2021-03-23 00:54:00,55,2021-03-23 14:54:00,0.0,2021-03-23 00:00:00,0.0,2021-03-23 00:00:00,290.0,6.1,2021-03-23 00:01:00,24.9,2021-03-23 15:10:00,1020.2,10.78,7.5,0,0.0
2021-03-24,22.0,25.2,23.0,23.8,24.8,22.7,1012.1,18.7,89,16.7,360.0,2.5,1009.6,1014.9,2021-03-24 17:27:00,16.2,2021-03-24 23:54:00,68,2021-03-24 16:39:00,5.0,2021-03-24 05:26:00,2.0,2021-03-24 05:26:00,30.0,10.3,2021-03-24 10:34:00,22.6,2021-03-24 16:39:00,1017.2,9.09,5.9,0,5.0
2021-03-25,21.9,25.1,22.4,23.1,24.4,22.3,1012.0,19.4,76,14.7,350.0,1.7,1010.0,1014.4,2021-03-25 16:13:00,12.4,2021-03-25 06:15:00,48,2021-03-25 14:14:00,0.0,2021-03-25 00:00:00,0.0,2021-03-25 00:00:00,330.0,7.8,2021-03-25 10:43:00,27.7,2021-03-25 14:28:00,1017.1,24.12,10.4,0,0.0
2021-03-26,23.3,24.9,23.3,23.6,24.2,23.3,1010.8,21.8,78,17.3,350.0,1.8,1008.4,1013.4,2021-03-26 16:30:00,14.6,2021-03-26 04:51:00,52,2021-03-26 11:58:00,0.0,2021-03-26 00:00:00,0.0,2021-03-26 00:00:00,350.0,8.9,2021-03-26 08:10:00,28.8,2021-03-26 14:09:00,1016.0,23.39,10.2,0,0.0
2021-03-27,25.3,24.8,24.8,24.8,24.5,25.1,1007.9,24.4,77,19.7,300.0,0.9,1005.0,1010.5,2021-03-27 16:25:00,18.6,2021-03-27 06:10:00,50,2021-03-27 13:11:00,0.0,2021-03-27 00:00:00,0.0,2021-03-27 00:00:00,310.0,6.7,2021-03-27 07:41:00,31.3,2021-03-27 13:11:00,1013.1,22.09,10.1,0,0.0
2021-03-28,26.4,24.8,25.9,25.9,25.0,26.2,1005.3,25.1,78,20.8,320.0,1.2,1003.1,1007.3,2021-03-28 15:28:00,19.8,2021-03-28 23:57:00,56,2021-03-28 13:56:00,0.0,2021-03-28 00:00:00,0.0,2021-03-28 00:00:00,300.0,7.3,2021-03-28 00:01:00,32.1,2021-03-28 13:15:00,1010.4,21.70,10.4,0,0.0
2021-03-29,26.6,24.9,26.3,26.3,25.5,26.5,1004.4,25.2,80,21.3,270.0,1.1,1001.8,1006.2,2021-03-29 15:46:00,19.8,2021-03-29 06:12:00,56,2021-03-29 13:41:00,0.0,2021-03-29 00:00:00,0.0,2021-03-29 00:00:00,270.0,6.4,2021-03-29 08:07:00,31.6,2021-03-29 14:12:00,1009.5,20.12,10.2,0,0.0
2021-03-30,27.3,25.1,26.9,26.8,25.9,27.2,1003.6,26.0,83,22.7,290.0,1.1,1002.1,1005.0,2021-03-30 14:33:00,22.2,2021-03-30 05:43:00,59,2021-03-30 12:59:00,0.0,2021-03-30 00:00:00,0.0,2021-03-30 00:00:00,300.0,6.9,2021-03-30 08:03:00,32.0,2021-03-30 12:28:00,1008.7,17.70,9.4,0,0.0
2021-03-31,27.7,25.2,27.3,27.3,26.2,27.6,1003.9,26.0,82,22.3,270.0,1.2,1002.3,1005.5,2021-03-31 15:31:00,20.7,2021-03-31 06:21:00,51,2021-03-31 13:45:00,0.0,2021-03-31 00:00:00,0.0,2021-03-31 00:00:00,260.0,6.7,2021-03-31 08:34:00,32.9,2021-03-31 12:29:00,1009.0,22.46,10.4,0,0.0
2021-04-01,28.0,25.4,27.8,27.7,26.6,28.0,1004.6,26.0,81,22.2,270.0,1.0,1002.9,1006.6,2021-04-01 15:34:00,21.3,2021-04-01 05:03:00,52,2021-04-01 13:52:00,0.0,2021-04-01 00:00:00,0.0,2021-04-01 00:00:00,280.0,6.1,2021-04-01 08:13:00,32.8,2021-04-01 13:06:00,1009.8,20.09,9.8,0,0.0
2021-04-02,28.2,25.6,28.0,28.0,26.9,28.2,1006.2,26.0,80,21.8,330.0,1.0,1004.7,1008.3,2021-04-02 15:45:00,20.4,2021-04-02 05:13:00,49,2021-04-02 14:06:00,0.0,2021-04-02 00:00:00,0.0,2021-04-02 00:00:00,340.0,6.7,2021-04-02 09:19:00,33.3,2021-04-02 13:53:00,1011.4,24.24,10.3,0,0.0
2021-04-03,28.5,25.8,28.3,28.3,27.1,28.5,1007.4,26.0,80,22.0,340.0,1.7,1005.6,1008.7,2021-04-03 15:48:00,21.0,2021-04-03 03:05:00,54,2021-04-03 12:32:00,0.0,2021-04-03 00:00:00,0.0,2021-04-03 00:00:00,310.0,8.0,2021-04-03 08:57:00,32.5,2021-04-03 12:59:00,1012.5,21.62,10.3,0,0.0
2021-04-04,28.3,26.0,28.3,28.4,27.4,28.4,1008.9,25.2,77,20.8,350.0,1.9,1007.2,1010.8,2021-04-04 15:31:00,20.8,2021-04-04 23:54:00,55,2021-04-04 12:19:00,0.0,2021-04-04 00:00:00,0.0,2021-04-04 00:00:00,290.0,6.8,2021-04-04 23:57:00,31.6,2021-04-04 12:43:00,1014.0,20.08,10.0,0,0.0
2021-04-05,27.2,26.2,27.7,28.0,27.5,27.6,1011.9,23.0,65,16.1,330.0,2.3,1010.2,1013.7,2021-04-05 15:19:00,18.9,2021-04-05 05:35:00,50,2021-04-05 13:04:00,0.0,2021-04-05 00:00:00,0.0,2021-04-05 00:00:00,230.0,7.1,2021-04-05 09:41:00,29.7,2021-04-05 13:04:00,1017.1,18.74,9.7,0,0.0
2021-04-06,26.4,26.3,27.1,27.6,27.4,27.0,1012.5,22.3,69,16.4,220.0,1.9,1010.4,1014.6,2021-04-06 15:16:00,16.8,2021-04-06 06:05:00,54,2021-04-06 15:19:00,0.0,2021-04-06 00:00:00,0.0,2021-04-06 00:00:00,200.0,7.9,2021-04-06 21:49:00,28.5,2021-04-06 10:44:00,1017.7,13.32,9.4,0,0.0
2021-04-07,25.7,26.4,26.3,26.9,27.1,26.2,1011.2,22.0,77,17.7,270.0,1.2,1009.2,1013.9,2021-04-07 17:27:00,16.9,2021-04-07 04:00:00,62,2021-04-07 11:04:00,0.0,2021-04-07 00:00:00,0.0,2021-04-07 00:00:00,220.0,6.5,2021-04-07 00:01:00,26.9,2021-04-07 12:02:00,1016.4,11.24,9.3,0,0.0
2021-04-08,25.6,26.4,26.1,26.6,26.8,26.0,1009.5,22.4,79,18.4,350.0,2.1,1007.0,1011.6,2021-04-08 16:07:00,17.2,2021-04-08 03:44:00,55,2021-04-08 14:10:00,0.0,2021-04-08 00:00:00,0.0,2021-04-08 00:00:00,310.0,10.4,2021-04-08 22:17:00,29.4,2021-04-08 14:10:00,1014.6,16.96,10.0,0,0.0
2021-04-09,24.9,26.3,25.7,26.4,26.7,25.6,1011.5,20.7,75,16.1,360.0,2.4,1009.6,1013.6,2021-04-09 03:42:00,17.0,2021-04-09 23:54:00,57,2021-04-09 14:43:00,0.0,2021-04-09 00:00:00,0.0,2021-04-09 00:00:00,310.0,7.9,2021-04-09 23:50:00,26.9,2021-04-09 14:43:00,1016.7,15.21,8.1,0,0.0
2021-04-10,25.4,26.3,25.7,26.2,26.5,25.7,1013.7,21.9,74,16.9,340.0,2.0,1011.4,1015.0,2021-04-10 15:30:00,16.1,2021-04-10 05:47:00,49,2021-04-10 14:06:00,0.0,2021-04-10 00:00:00,0.0,2021-04-10 00:00:00,360.0,8.1,2021-04-10 07:06:00,29.8,2021-04-10 14:31:00,1018.9,24.45,10.3,0,0.0
2021-04-11,26.3,26.2,26.4,26.7,26.6,26.5,1014.1,22.9,78,18.5,340.0,1.4,1012.4,1016.0,2021-04-11 15:41:00,16.4,2021-04-11 04:54:00,48,2021-04-11 12:44:00,0.0,2021-04-11 00:00:00,0.0,2021-04-11 00:00:00,330.0,8.0,2021-04-11 08:40:00,31.0,2021-04-11 12:44:00,1019.3,25.50,10.7,0,0.0
2021-04-12,27.0,26.2,27.0,27.3,26.8,27.1,1012.1,23.5,79,19.2,330.0,1.0,1009.7,1014.7,2021-04-12 16:10:00,17.2,2021-04-12 04:59:00,45,2021-04-12 14:23:00,0.0,2021-04-12 00:00:00,0.0,2021-04-12 00:00:00,300.0,7.1,2021-04-12 08:35:00,31.3,2021-04-12 14:23:00,1017.3,24.96,10.0,0,0.0
2021-04-13,27.6,26.3,27.5,27.7,27.1,27.7,1010.0,25.3,77,20.8,330.0,1.5,1008.0,1011.7,2021-04-13 16:34:00,18.9,2021-04-13 03:19:00,53,2021-04-13 11:01:00,0.0,2021-04-13 00:00:00,0.0,2021-04-13 00:00:00,300.0,8.4,2021-04-13 08:34:00,31.9,2021-04-13 12:30:00,1015.1,20.36,10.7,0,0.0
2021-04-14,27.8,26.4,27.9,28.1,27.4,28.0,1009.2,25.1,76,20.4,350.0,2.3,1007.1,1010.8,2021-04-14 15:56:00,21.2,2021-04-14 22:20:00,55,2021-04-14 13:14:00,0.0,2021-04-14 00:00:00,0.0,2021-04-14 00:00:00,360.0,8.8,2021-04-14 08:43:00,31.6,2021-04-14 13:13:00,1014.3,21.93,10.0,0,0.0
2021-04-15,27.3,26.5,27.6,28.0,27.5,27.6,1008.7,23.7,76,19.1,350.0,2.5,1005.9,1010.4,2021-04-15 15:49:00,18.6,2021-04-15 05:54:00,54,2021-04-15 14:06:00,0.0,2021-04-15 00:00:00,0.0,2021-04-15 00:00:00,330.0,9.5,2021-04-15 09:21:00,30.8,2021-04-15 14:06:00,1013.8,24.91,10.8,0,0.0
2021-04-16,27.9,26.6,27.9,28.1,27.6,28.0,1009.1,24.6,78,20.1,330.0,1.4,1007.4,1010.6,2021-04-16 14:25:00,19.1,2021-04-16 05:54:00,50,2021-04-16 12:46:00,0.0,2021-04-16 00:00:00,0.0,2021-04-16 00:00:00,280.0,7.8,2021-04-16 22:37:00,32.3,2021-04-16 12:45:00,1014.3,24.16,10.4,0,0.0
2021-04-17,28.2,26.8,28.3,28.5,27.8,28.4,1009.8,25.4,72,19.6,350.0,1.9,1007.6,1011.4,2021-04-17 15:07:00,20.4,2021-04-17 04:54:00,47,2021-04-17 14:05:00,0.0,2021-04-17 00:00:00,0.0,2021-04-17 00:00:00,310.0,8.7,2021-04-17 08:42:00,33.2,2021-04-17 14:24:00,1015.0,24.30,10.7,0,0.0
2021-04-18,28.4,26.9,28.4,28.7,28.0,28.6,1009.2,25.6,70,19.6,210.0,2.1,1006.8,1010.4,2021-04-18 15:22:00,20.6,2021-04-18 04:18:00,51,2021-04-18 13:35:00,0.0,2021-04-18 00:00:00,0.0,2021-04-18 00:00:00,220.0,10.1,2021-04-18 09:48:00,30.9,2021-04-18 13:34:00,1014.3,22.73,10.3,0,0.0
2021-04-19,28.0,27.0,28.4,28.7,28.2,28.4,1008.2,24.2,71,18.4,260.0,1.2,1006.6,1009.7,2021-04-19 15:37:00,19.2,2021-04-19 04:09:00,50,2021-04-19 12:37:00,0.0,2021-04-19 00:00:00,0.0,2021-04-19 00:00:00,270.0,6.6,2021-04-19 00:01:00,29.5,2021-04-19 13:45:00,1013.3,15.98,8.5,0,0.0
2021-04-20,28.2,27.1,28.3,28.6,28.2,28.4,1007.7,24.9,75,19.8,300.0,1.1,1005.9,1009.4,2021-04-20 15:06:00,19.7,2021-04-20 04:12:00,49,2021-04-20 14:43:00,0.0,2021-04-20 00:00:00,0.0,2021-04-20 00:00:00,310.0,7.4,2021-04-20 09:34:00,31.1,2021-04-20 14:43:00,1012.9,20.31,10.3,0,0.0
2021-04-21,28.7,27.2,28.6,28.8,28.2,28.8,1006.5,25.8,75,20.8,330.0,1.4,1004.2,1008.6,2021-04-21 14:47:00,21.2,2021-04-21 00:21:00,53,2021-04-21 10:29:00,0.0,2021-04-21 00:00:00,0.0,2021-04-21 00:00:00,310.0,8.4,2021-04-21 08:09:00,31.9,2021-04-21 13:42:00,1011.6,21.68,10.8,0,0.0
2021-04-22,29.0,27.2,28.9,29.1,28.4,29.1,1003.7,25.2,82,21.8,330.0,1.5,1001.5,1005.8,2021-04-22 16:31:00,20.7,2021-04-22 05:36:00,58,2021-04-22 11:05:00,0.0,2021-04-22 00:00:00,0.0,2021-04-22 00:00:00,270.0,7.7,2021-04-22 08:28:00,31.0,2021-04-22 11:34:00,1008.8,24.35,10.9,0,0.0
2021-04-23,28.6,27.3,28.8,29.2,28.5,28.9,1002.9,25.5,82,21.9,350.0,2.0,1000.6,1004.8,2021-04-23 15:34:00,21.1,2021-04-23 23:54:00,56,2021-04-23 14:20:00,0.0,2021-04-23 00:00:00,0.0,2021-04-23 00:00:00,360.0,10.4,2021-04-23 22:37:00,31.9,2021-04-23 14:00:00,1008.0,17.61,9.4,0,0.0
2021-04-24,28.7,27.4,28.7,29.0,28.5,28.9,1005.8,25.5,80,21.5,250.0,1.5,1004.0,1007.3,2021-04-24 02:15:00,20.8,2021-04-24 00:42:00,53,2021-04-24 10:24:00,0.0,2021-04-24 00:00:00,0.0,2021-04-24 00:00:00,220.0,10.1,2021-04-24 23:16:00,32.5,2021-04-24 13:24:00,1010.9,22.66,10.6,0,0.0
2021-04-25,27.4,27.5,28.1,28.8,28.6,28.1,1007.9,23.2,91,21.7,150.0,1.4,1005.7,1009.9,2021-04-25 03:26:00,21.0,2021-04-25 03:30:00,67,2021-04-25 09:16:00,5.5,2021-04-25 11:52:00,4.5,2021-04-25 12:41:00,220.0,6.5,2021-04-25 22:39:00,27.9,2021-04-25 09:16:00,1013.1,6.24,5.3,0,7.5
2021-04-26,26.4,27.6,26.9,27.6,28.2,26.9,1009.8,23.2,90,21.6,210.0,1.4,1008.2,1012.2,2021-04-26 02:15:00,21.3,2021-04-26 04:21:00,63,2021-04-26 11:17:00,1.0,2021-04-26 12:47:00,0.5,2021-04-26 13:26:00,220.0,8.3,2021-04-26 22:06:00,28.5,2021-04-26 11:23:00,1015.0,11.19,9.2,0,1.0
2021-04-27,26.1,27.5,26.5,27.1,27.7,26.5,1011.5,23.1,91,21.6,300.0,1.1,1010.3,1013.1,2021-04-27 16:22:00,20.9,2021-04-27 22:26:00,65,2021-04-27 12:33:00,0.5,2021-04-27 00:00:00,0.5,2021-04-27 00:45:00,310.0,6.5,2021-04-27 23:06:00,28.0,2021-04-27 12:41:00,1016.7,10.21,7.9,0,1.0
2021-04-28,26.3,27.4,26.4,26.9,27.5,26.5,1010.8,24.6,81,20.9,330.0,1.0,1009.0,1012.7,2021-04-28 15:22:00,20.2,2021-04-28 05:01:00,55,2021-04-28 11:00:00,0.0,2021-04-28 00:00:00,0.0,2021-04-28 00:00:00,320.0,5.6,2021-04-28 00:01:00,29.8,2021-04-28 10:55:00,1016.0,13.78,7.8,0,0.0
2021-04-29,25.5,27.3,26.0,26.6,27.3,26.0,1008.5,22.5,95,21.8,360.0,0.8,1007.1,1010.0,2021-04-29 17:30:00,19.9,2021-04-29 22:54:00,84,2021-04-29 15:57:00,7.0,2021-04-29 05:18:00,2.0,2021-04-29 05:28:00,340.0,4.8,2021-04-29 00:01:00,24.6,2021-04-29 13:31:00,1013.6,5.46,5.5,0,10.0
2021-04-30,26.4,27.2,26.2,26.5,27.0,26.4,1008.2,24.4,82,20.9,280.0,1.0,1006.7,1009.5,2021-04-30 15:49:00,19.7,2021-04-30 00:30:00,60,2021-04-30 16:09:00,0.0,2021-04-30 00:00:00,0.0,2021-04-30 00:00:00,310.0,6.2,2021-04-30 09:21:00,30.4,2021-04-30 12:39:00,1013.3,25.63,10.9,0,0.0
2021-05-01,26.8,27.1,26.8,27.1,27.1,26.9,1008.7,24.9,76,20.0,250.0,0.9,1007.2,1010.2,2021-05-01 03:20:00,19.9,2021-05-01 05:26:00,47,2021-05-01 10:17:00,0.0,2021-05-01 00:00:00,0.0,2021-05-01 00:00:00,320.0,6.5,2021-05-01 08:46:00,30.7,2021-05-01 11:11:00,1013.9,21.95,10.3,0,0.0
2021-05-02,27.4,27.0,27.2,27.4,27.3,27.4,1010.2,25.7,77,21.0,330.0,1.2,1008.6,1011.9,2021-05-02 01:30:00,19.6,2021-05-02 05:36:00,52,2021-05-02 13:45:00,0.0,2021-05-02 00:00:00,0.0,2021-05-02 00:00:00,280.0,7.1,2021-05-02 10:39:00,31.8,2021-05-02 11:35:00,1015.3,23.92,10.3,0,0.0
2021-05-03,27.3,27.1,27.4,27.8,27.5,27.5,1009.7,25.0,84,22.1,340.0,0.8,1007.7,1011.6,2021-05-03 15:54:00,22.1,2021-05-03 22:42:00,60,2021-05-03 14:31:00,0.0,2021-05-03 00:00:00,0.0,2021-05-03 00:00:00,350.0,5.0,2021-05-03 09:22:00,29.3,2021-05-03 13:47:00,1014.9,9.00,8.6,0,0.0
2021-05-04,27.6,27.1,27.2,27.5,27.5,27.5,1007.9,27.4,75,22.3,200.0,2.3,1005.4,1009.6,2021-05-04 16:05:00,21.3,2021-05-04 05:51:00,49,2021-05-04 13:27:00,0.0,2021-05-04 00:00:00,0.0,2021-05-04 00:00:00,190.0,9.6,2021-05-04 07:56:00,34.7,2021-05-04 13:20:00,1013.0,21.64,11.3,0,0.0
2021-05-05,28.7,27.1,28.2,28.3,27.6,28.6,1009.1,27.4,76,22.7,300.0,2.2,1007.4,1011.4,2021-05-05 16:43:00,22.4,2021-05-06 00:00:00,53,2021-05-05 10:47:00,0.0,2021-05-05 00:00:00,0.0,2021-05-05 00:00:00,290.0,8.1,2021-05-05 22:24:00,33.7,2021-05-05 11:19:00,1014.2,25.14,11.3,0,0.0
2021-05-06,29.1,27.2,28.7,28.9,28.0,29.0,1010.8,26.6,74,21.4,320.0,1.4,1009.0,1012.3,2021-05-06 16:32:00,20.6,2021-05-06 05:39:00,53,2021-05-06 12:18:00,0.0,2021-05-06 00:00:00,0.0,2021-05-06 00:00:00,290.0,7.4,2021-05-06 08:20:00,33.7,2021-05-06 13:15:00,1015.9,25.90,10.6,0,0.0
2021-05-07,29.9,27.3,29.4,29.5,28.4,29.8,1009.0,27.8,78,23.2,300.0,1.0,1006.3,1011.3,2021-05-07 17:02:00,22.7,2021-05-07 02:50:00,50,2021-05-07 12:32:00,0.0,2021-05-07 00:00:00,0.0,2021-05-07 00:00:00,310.0,8.6,2021-05-07 08:43:00,34.2,2021-05-07 13:02:00,1014.1,24.70,10.3,0,0.0
2021-05-08,30.4,27.5,29.9,30.0,28.8,30.3,1006.3,28.6,77,23.7,230.0,1.8,1004.3,1008.0,2021-05-08 15:29:00,24.0,2021-05-08 05:40:00,49,2021-05-08 13:10:00,0.0,2021-05-08 00:00:00,0.0,2021-05-08 00:00:00,200.0,8.8,2021-05-08 07:06:00,34.9,2021-05-08 13:10:00,1011.4,26.53,11.0,0,0.0
2021-05-09,30.7,27.7,30.3,30.4,29.1,30.6,1005.8,28.2,77,23.5,310.0,1.3,1003.2,1008.2,2021-05-09 16:14:00,23.2,2021-05-09 02:02:00,53,2021-05-09 11:32:00,0.0,2021-05-09 00:00:00,0.0,2021-05-09 00:00:00,310.0,7.3,2021-05-09 21:37:00,34.0,2021-05-09 11:53:00,1010.9,27.08,11.4,0,0.0
2021-05-10,30.7,27.9,30.4,30.6,29.5,30.7,1005.7,28.3,76,23.5,220.0,1.7,1003.8,1007.8,2021-05-10 17:31:00,24.2,2021-05-10 01:49:00,55,2021-05-10 13:02:00,0.0,2021-05-10 00:00:00,0.0,2021-05-10 00:00:00,230.0,8.2,2021-05-10 08:31:00,34.0,2021-05-10 13:07:00,1010.8,24.84,10.5,0,0.0
2021-05-11,30.7,28.1,30.4,30.7,29.6,30.7,1005.7,28.6,75,23.4,210.0,2.0,1003.9,1007.3,2021-05-11 16:19:00,23.5,2021-05-11 05:37:00,49,2021-05-11 10:27:00,0.0,2021-05-11 00:00:00,0.0,2021-05-11 00:00:00,200.0,8.1,2021-05-11 08:20:00,34.8,2021-05-11 13:43:00,1010.8,29.14,11.5,0,0.0
2021-05-12,31.1,28.2,30.8,31.0,29.9,31.1,1005.6,28.9,74,23.3,270.0,1.4,1003.4,1007.1,2021-05-12 16:25:00,22.5,2021-05-12 03:38:00,46,2021-05-12 12:01:00,0.0,2021-05-12 00:00:00,0.0,2021-05-12 00:00:00,240.0,7.5,2021-05-12 09:01:00,35.5,2021-05-12 13:17:00,1010.8,28.34,11.5,0,0.0
2021-05-13,31.6,28.4,31.2,31.4,30.2,31.5,1005.9,29.6,74,24.3,210.0,2.1,1004.3,1007.6,2021-05-13 15:46:00,24.6,2021-05-13 01:54:00,50,2021-05-13 15:40:00,0.0,2021-05-13 00:00:00,0.0,2021-05-13 00:00:00,250.0,7.2,2021-05-13 08:52:00,35.1,2021-05-13 11:34:00,1011.0,25.26,11.0,0,0.0
2021-05-14,31.8,28.6,31.5,31.7,30.5,31.8,1006.2,29.6,72,23.7,220.0,1.5,1004.7,1007.6,2021-05-14 16:16:00,23.9,2021-05-14 05:29:00,47,2021-05-14 10:33:00,0.0,2021-05-14 00:00:00,0.0,2021-05-14 00:00:00,280.0,8.1,2021-05-14 22:16:00,36.1,2021-05-14 13:46:00,1011.3,27.18,10.8,0,0.0
2021-05-15,31.7,28.8,31.5,31.8,30.7,31.8,1005.8,29.9,69,23.1,200.0,2.6,1003.9,1007.6,2021-05-15 16:26:00,22.4,2021-05-15 05:19:00,41,2021-05-15 11:56:00,0.0,2021-05-15 00:00:00,0.0,2021-05-15 00:00:00,220.0,11.3,2021-05-15 08:13:00,37.9,2021-05-15 11:56:00,1010.9,28.85,11.6,0,0.0
2021-05-16,32.0,29.0,31.7,32.0,30.9,32.0,1006.2,29.6,75,24.3,200.0,2.3,1004.3,1007.9,2021-05-16 15:03:00,23.8,2021-05-16 04:09:00,48,2021-05-16 10:43:00,0.0,2021-05-16 00:00:00,0.0,2021-05-16 00:00:00,190.0,10.2,2021-05-16 08:39:00,35.9,2021-05-16 12:36:00,1011.4,28.45,11.0,0,0.0
2021-05-17,32.4,29.2,32.0,32.3,31.1,32.3,1006.7,30.0,75,24.7,230.0,1.9,1005.2,1008.3,2021-05-17 16:14:00,26.1,2021-05-17 03:15:00,51,2021-05-17 13:09:00,0.0,2021-05-17 00:00:00,0.0,2021-05-17 00:00:00,290.0,7.2,2021-05-17 07:20:00,35.1,2021-05-17 12:19:00,1011.8,26.15,11.2,0,0.0
2021-05-18,32.5,29.4,32.2,32.5,31.3,32.5,1006.5,29.8,76,24.8,220.0,2.1,1004.2,1008.4,2021-05-18 16:18:00,25.7,2021-05-18 04:58:00,50,2021-05-18 13:38:00,0.0,2021-05-18 00:00:00,0.0,2021-05-18 00:00:00,210.0,9.3,2021-05-18 08:35:00,35.3,2021-05-18 11:04:00,1011.7,26.40,11.2,0,0.0
2021-05-19,32.6,29.5,32.3,32.6,31.5,32.6,1005.2,30.2,74,24.8,200.0,2.8,1003.0,1006.9,2021-05-19 15:56:00,25.4,2021-05-19 05:17:00,42,2021-05-19 12:04:00,0.0,2021-05-19 00:00:00,0.0,2021-05-19 00:00:00,240.0,11.2,2021-05-19 00:33:00,36.7,2021-05-19 12:04:00,1010.3,27.76,11.1,0,0.0
2021-05-20,32.7,29.7,32.4,32.7,31.7,32.7,1005.8,30.1,70,23.8,200.0,2.3,1004.0,1007.1,2021-05-20 14:20:00,26.0,2021-05-20 05:13:00,43,2021-05-20 13:06:00,0.0,2021-05-20 00:00:00,0.0,2021-05-20 00:00:00,200.0,9.4,2021-05-20 21:48:00,35.7,2021-05-20 11:40:00,1011.0,25.96,11.4,0,0.0
2021-05-21,32.9,29.8,32.5,32.8,31.8,32.9,1005.4,30.1,73,24.5,240.0,1.7,1003.4,1007.0,2021-05-21 16:27:00,24.2,2021-05-21 04:20:00,49,2021-05-21 14:29:00,0.0,2021-05-21 00:00:00,0.0,2021-05-21 00:00:00,250.0,8.2,2021-05-21 08:50:00,36.0,2021-05-21 11:52:00,1010.5,27.92,11.6,0,0.0
2021-05-22,33.1,29.9,32.8,33.1,31.9,33.2,1004.4,30.3,73,24.6,270.0,1.2,1002.5,1006.2,2021-05-22 14:34:00,25.4,2021-05-22 04:29:00,49,2021-05-22 12:00:00,0.0,2021-05-22 00:00:00,0.0,2021-05-22 00:00:00,300.0,7.7,2021-05-22 09:27:00,36.2,2021-05-22 12:00:00,1009.5,23.99,11.2,0,0.0
2021-05-23,33.5,30.1,32.9,33.2,32.0,33.3,1005.0,30.9,71,24.7,270.0,1.3,1003.6,1006.8,2021-05-23 15:09:00,25.8,2021-05-23 04:00:00,51,2021-05-23 11:17:00,0.0,2021-05-23 00:00:00,0.0,2021-05-23 00:00:00,280.0,8.3,2021-05-23 22:35:00,36.6,2021-05-23 12:58:00,1010.2,26.46,11.4,0,0.0
2021-05-24,33.6,30.2,33.1,33.4,32.2,33.5,1006.3,30.9,71,24.7,240.0,1.9,1004.4,1007.9,2021-05-24 15:32:00,26.4,2021-05-24 04:59:00,44,2021-05-24 13:22:00,0.0,2021-05-24 00:00:00,0.0,2021-05-24 00:00:00,290.0,8.4,2021-05-24 22:16:00,36.1,2021-05-24 13:37:00,1011.4,25.94,11.7,0,0.0
2021-05-25,33.7,30.3,33.2,33.5,32.4,33.6,1006.5,30.3,72,24.4,330.0,1.6,1004.4,1008.2,2021-05-25 15:11:00,25.7,2021-05-25 05:07:00,48,2021-05-25 11:25:00,0.0,2021-05-25 00:00:00,0.0,2021-05-25 00:00:00,320.0,8.0,2021-05-25 09:01:00,36.6,2021-05-25 13:12:00,1011.6,27.53,11.9,0,0.0
2021-05-26,33.4,30.4,33.2,33.6,32.5,33.5,1006.1,29.7,75,24.7,210.0,1.7,1004.2,1007.7,2021-05-26 15:43:00,25.3,2021-05-26 03:54:00,54,2021-05-26 11:05:00,0.0,2021-05-26 00:00:00,0.0,2021-05-26 00:00:00,220.0,8.6,2021-05-26 07:50:00,35.1,2021-05-26 11:54:00,1011.2,22.88,11.5,0,0.0
2021-05-27,33.5,30.5,33.1,33.5,32.5,33.5,1006.1,30.2,74,24.6,220.0,1.6,1004.4,1007.4,2021-05-27 15:49:00,25.8,2021-05-27 05:27:00,47,2021-05-27 14:15:00,0.0,2021-05-27 00:00:00,0.0,2021-05-27 00:00:00,280.0,8.5,2021-05-27 08:39:00,35.9,2021-05-27 13:13:00,1011.2,26.88,11.0,0,0.0
2021-05-28,33.8,30.6,33.2,33.6,32.6,33.6,1005.9,30.0,75,24.9,220.0,1.7,1004.3,1007.8,2021-05-28 15:29:00,26.0,2021-05-28 04:30:00,48,2021-05-28 12:11:00,0.0,2021-05-28 00:00:00,0.0,2021-05-28 00:00:00,230.0,8.8,2021-05-28 08:58:00,36.1,2021-05-28 12:22:00,1011.0,22.01,10.5,0,0.0
2021-05-29,32.5,30.7,32.8,33.4,32.6,33.0,1004.2,28.7,86,26.0,190.0,1.4,1002.8,1005.4,2021-05-29 17:18:00,26.0,2021-05-29 13:45:00,56,2021-05-29 09:41:00,5.0,2021-05-29 12:45:00,3.5,2021-05-29 13:33:00,240.0,8.0,2021-05-29 00:01:00,34.2,2021-05-29 10:17:00,1009.3,16.35,10.3,0,8.5
2021-05-30,29.2,30.7,30.2,31.6,32.2,30.1,1002.3,25.3,97,25.0,120.0,1.8,1000.7,1003.8,2021-05-30 16:46:00,24.3,2021-05-30 15:22:00,88,2021-05-30 06:21:00,17.5,2021-05-30 14:24:00,7.5,2021-05-30 14:30:00,150.0,7.4,2021-05-30 08:03:00,27.1,2021-05-30 07:58:00,1007.4,1.86,0.4,0,46.5
2021-05-31,29.5,30.7,29.3,30.1,31.2,29.6,1001.9,27.8,90,26.1,160.0,1.5,1000.4,1004.2,2021-05-31 02:54:00,24.8,2021-05-31 01:29:00,68,2021-05-31 14:50:00,2.0,2021-05-31 09:33:00,1.0,2021-05-31 10:23:00,200.0,6.7,2021-05-31 23:02:00,32.8,2021-05-31 14:49:00,1007.0,12.52,7.8,0,4.0
2021-06-01,28.8,29.6,28.7,29.5,30.1,28.9,1003.8,27.6,88,25.4,140.0,2.0,1002.6,1005.0,2021-06-01 06:26:00,23.7,2021-06-01 05:35:00,63,2021-06-01 09:49:00,65.5,2021-06-01 02:45:00,16.0,2021-06-01 03:27:00,160.0,10.7,2021-06-01 22:09:00,32.4,2021-06-01 10:23:00,1008.9,15.82,11.2,0,99.5
2021-06-02,30.2,30.1,29.6,30.1,30.2,30.1,1004.5,29.5,79,25.3,190.0,2.1,1002.6,1006.1,2021-06-02 16:10:00,25.3,2021-06-02 05:34:00,57,2021-06-02 11:32:00,0.0,2021-06-02 00:00:00,0.0,2021-06-02 00:00:00,200.0,8.6,2021-06-02 21:50:00,34.9,2021-06-02 11:09:00,1009.6,27.03,11.4,0,0.0
2021-06-03,30.7,29.9,30.2,30.7,30.4,30.7,1003.0,29.8,79,25.7,210.0,2.0,1000.6,1005.4,2021-06-03 16:39:00,24.6,2021-06-03 04:16:00,64,2021-06-03 13:10:00,0.0,2021-06-03 00:00:00,0.0,2021-06-03 00:00:00,250.0,8.1,2021-06-03 00:02:00,34.5,2021-06-03 13:08:00,1008.2,25.00,11.7,0,0.0
2021-06-04,29.8,29.9,30.3,30.9,30.6,30.4,1000.5,30.2,78,25.9,270.0,2.1,997.2,1002.5,2021-06-04 16:00:00,25.9,2021-06-04 02:00:00,60,2021-06-04 13:00:00,0.0,2021-06-04 00:00:00,0.0,2021-06-04 00:00:00,157.5,5.7,2021-06-04 07:00:00,35.4,2021-06-04 15:00:00,1004.9,22.66,9.5,0,0.0
2021-06-05,0,0,0,0,0,0,1001.0,25.5,96,24.9,150.0,0,999.4,1003.1,2021-06-05 04:09:00,23.9,2021-06-05 21:54:00,80,2021-06-05 14:21:00,70.5,2021-06-05 20:23:00,20.0,2021-06-05 20:47:00,0,0,2021-06-05 08:56:00,29.0,2021-06-05 13:49:00,1006.1,4.52,4.4,0,194.5
2021-06-06,26.3,28.1,26.6,27.8,28.8,26.7,1002.7,24.2,98,24.0,150.0,0,999.8,1005.3,2021-06-06 02:30:00,23.4,2021-06-06 19:54:00,89,2021-06-06 21:59:00,44.0,2021-06-06 02:21:00,15.5,2021-06-06 01:18:00,0,0,2021-06-06 19:16:00,25.5,2021-06-06 11:48:00,1007.8,3.10,2.1,0,167.5
2021-06-07,27.3,29.2,27.0,27.7,28.9,27.4,1005.8,26.1,89,24.2,140.0,0,1003.8,1007.8,2021-06-07 03:18:00,23.2,2021-06-07 03:16:00,69,2021-06-07 16:35:00,2.5,2021-06-07 09:32:00,2.0,2021-06-07 09:52:00,0,0,2021-06-07 10:12:00,30.1,2021-06-07 16:19:00,1010.9,10.41,9.8,0,3.0
2021-06-08,28.9,29.2,28.2,28.6,28.9,28.8,1006.1,27.1,87,24.7,20.0,1.6,1003.6,1007.4,2021-06-08 15:49:00,23.9,2021-06-08 05:16:00,62,2021-06-08 13:21:00,0.5,2021-06-08 19:08:00,0.5,2021-06-08 19:58:00,80.0,9.9,2021-06-08 09:38:00,33.5,2021-06-08 13:30:00,1011.2,18.18,9.9,0,0.5
2021-06-09,29.8,29.0,29.0,29.2,29.1,29.6,1004.7,27.9,84,24.6,360.0,1.4,1002.6,1006.5,2021-06-09 15:31:00,23.6,2021-06-09 02:18:00,53,2021-06-09 13:14:00,0.0,2021-06-09 00:00:00,0.0,2021-06-09 00:00:00,360.0,9.8,2021-06-09 00:01:00,34.4,2021-06-09 13:12:00,1009.8,25.73,11.9,0,0.0
2021-06-10,29.9,29.0,29.3,29.7,29.4,29.8,1003.3,27.9,87,25.4,30.0,1.0,1001.4,1005.3,2021-06-10 15:37:00,24.8,2021-06-10 05:21:00,61,2021-06-10 12:22:00,2.0,2021-06-10 14:16:00,1.5,2021-06-10 14:56:00,300.0,7.9,2021-06-10 00:04:00,33.7,2021-06-10 13:32:00,1008.4,18.35,8.5,0,2.0
2021-06-11,30.0,29.0,29.4,29.8,29.5,29.9,1004.1,28.2,87,25.6,20.0,1.0,1002.6,1007.3,2021-06-11 05:25:00,24.5,2021-06-11 05:21:00,58,2021-06-11 11:44:00,4.5,2021-06-11 16:08:00,1.5,2021-06-11 16:35:00,30.0,7.7,2021-06-11 22:47:00,33.7,2021-06-11 12:00:00,1009.2,20.98,10.4,0,4.5
2021-06-12,29.7,29.0,29.3,29.8,29.6,29.8,1006.7,27.5,91,25.8,50.0,0.9,1005.3,1008.8,2021-06-12 15:15:00,24.8,2021-06-12 23:54:00,61,2021-06-12 11:21:00,9.0,2021-06-12 12:13:00,8.0,2021-06-12 13:01:00,140.0,12.1,2021-06-12 22:26:00,33.6,2021-06-12 12:22:00,1011.8,15.44,8.5,0,15.5
2021-06-13,30.2,29.0,29.4,29.8,29.6,30.0,1006.3,28.8,82,25.2,110.0,1.4,1003.4,1008.5,2021-06-13 16:52:00,24.8,2021-06-13 04:56:00,60,2021-06-13 14:27:00,0.0,2021-06-13 00:00:00,0.0,2021-06-13 00:00:00,90.0,7.6,2021-06-13 00:01:00,34.7,2021-06-13 14:46:00,1011.4,25.50,11.4,0,0.0
2021-06-14,30.3,29.0,29.6,30.0,29.7,30.2,1003.6,28.9,81,25.2,310.0,1.3,1001.6,1006.1,2021-06-14 17:34:00,24.7,2021-06-14 05:11:00,58,2021-06-14 14:10:00,0.0,2021-06-14 00:00:00,0.0,2021-06-14 00:00:00,290.0,6.7,2021-06-14 00:01:00,33.9,2021-06-14 14:10:00,1008.7,24.81,11.2,0,0.0
2021-06-15,30.0,29.0,29.5,30.0,29.8,30.0,1002.0,28.1,91,26.4,130.0,1.2,1000.8,1003.2,2021-06-15 16:27:00,25.7,2021-06-15 02:26:00,63,2021-06-15 15:37:00,4.5,2021-06-15 09:45:00,2.0,2021-06-15 10:05:00,200.0,7.1,2021-06-15 10:34:00,32.7,2021-06-15 14:05:00,1007.1,17.44,9.9,0,8.0
2021-06-16,29.0,29.1,28.8,29.5,29.7,29.2,1004.2,26.8,96,26.1,130.0,1.6,1001.5,1005.9,2021-06-16 02:18:00,24.5,2021-06-16 10:27:00,82,2021-06-16 17:16:00,30.0,2021-06-16 06:53:00,11.0,2021-06-16 06:54:00,220.0,8.1,2021-06-16 22:33:00,29.5,2021-06-16 17:15:00,1009.3,9.39,6.7,0,37.0
2021-06-17,28.7,29.0,28.4,29.1,29.4,28.8,1005.3,27.1,92,25.7,120.0,1.5,1004.5,1006.6,2021-06-17 16:32:00,24.6,2021-06-17 10:47:00,71,2021-06-17 13:08:00,22.0,2021-06-17 09:52:00,15.5,2021-06-17 10:31:00,330.0,8.9,2021-06-17 10:42:00,32.0,2021-06-17 13:29:00,1010.4,15.79,9.6,0,38.0
2021-06-18,29.4,29.0,28.7,29.1,29.3,29.2,1004.0,28.5,86,25.8,130.0,1.5,1002.1,1005.4,2021-06-18 15:56:00,24.9,2021-06-18 05:30:00,61,2021-06-18 14:52:00,4.5,2021-06-18 05:07:00,3.5,2021-06-18 05:09:00,200.0,5.9,2021-06-18 09:03:00,33.6,2021-06-18 14:58:00,1009.1,23.22,10.9,0,5.0
2021-06-19,29.3,28.9,29.0,29.5,29.4,29.5,1002.0,27.8,91,26.2,140.0,1.7,1000.7,1003.6,2021-06-19 16:52:00,25.5,2021-06-19 23:35:00,70,2021-06-19 13:32:00,5.0,2021-06-19 22:38:00,2.5,2021-06-19 23:08:00,250.0,7.8,2021-06-19 00:02:00,32.4,2021-06-19 13:32:00,1007.1,11.76,8.7,0,10.0
2021-06-20,27.8,28.4,27.8,28.6,29.1,28.0,1000.4,26.1,97,25.6,130.0,2.2,999.0,1001.9,2021-06-20 17:37:00,24.0,2021-06-20 05:54:00,84,2021-06-20 16:10:00,45.0,2021-06-20 05:33:00,12.0,2021-06-20 05:58:00,140.0,8.6,2021-06-20 11:27:00,29.7,2021-06-20 16:33:00,1005.5,6.59,5.2,0,94.0
2021-06-21,27.3,28.0,27.2,28.0,28.6,27.6,1000.7,25.6,99,25.4,120.0,2.5,998.7,1002.1,2021-06-21 02:46:00,24.2,2021-06-21 08:13:00,86,2021-06-21 11:59:00,31.0,2021-06-21 08:02:00,13.5,2021-06-21 02:41:00,240.0,16.2,2021-06-21 21:12:00,29.2,2021-06-21 12:06:00,1005.8,6.67,5.1,0,121.5
2021-06-22,26.8,27.8,26.8,27.6,28.3,27.1,1002.4,25.1,98,24.8,140.0,1.8,999.8,1003.5,2021-06-22 02:01:00,23.7,2021-06-22 03:27:00,83,2021-06-22 12:33:00,28.5,2021-06-22 13:01:00,14.5,2021-06-22 02:26:00,90.0,9.5,2021-06-22 22:33:00,28.8,2021-06-22 12:04:00,1007.5,6.39,4.4,0,77.0
2021-06-23,27.1,28.3,26.9,27.5,28.3,27.2,1003.5,25.8,93,24.6,150.0,2.0,1001.6,1005.8,2021-06-23 04:15:00,23.9,2021-06-23 11:57:00,72,2021-06-23 16:19:00,0.5,2021-06-23 13:55:00,0.5,2021-06-23 14:45:00,160.0,8.6,2021-06-23 11:25:00,29.9,2021-06-23 16:17:00,1008.7,9.79,6.7,0,0.5
2021-06-24,27.6,28.2,27.3,27.8,28.2,27.7,1003.7,26.3,90,24.5,170.0,2.8,1002.3,1005.6,2021-06-24 06:06:00,23.4,2021-06-24 05:22:00,62,2021-06-24 13:09:00,6.0,2021-06-24 01:54:00,4.0,2021-06-24 01:53:00,190.0,10.1,2021-06-24 23:07:00,31.6,2021-06-24 13:47:00,1008.8,16.57,9.9,0,18.0
2021-06-25,27.4,28.2,27.3,28.0,28.3,27.6,1003.8,26.0,90,24.3,150.0,2.6,1002.2,1005.5,2021-06-25 17:01:00,23.4,2021-06-25 01:40:00,70,2021-06-25 09:57:00,8.0,2021-06-25 20:00:00,6.5,2021-06-25 14:05:00,130.0,9.1,2021-06-25 22:58:00,30.3,2021-06-25 10:15:00,1008.9,11.79,9.9,0,24.0
2021-06-26,27.8,28.1,27.4,28.0,28.3,27.8,1005.2,26.3,94,25.3,140.0,1.5,1003.8,1006.9,2021-06-26 16:25:00,24.1,2021-06-26 03:54:00,69,2021-06-26 13:23:00,10.0,2021-06-26 16:06:00,4.0,2021-06-26 16:34:00,180.0,7.6,2021-06-26 23:37:00,31.3,2021-06-26 13:24:00,1010.4,13.59,8.1,0,25.0
2021-06-27,28.2,28.1,27.9,28.4,28.4,28.3,1004.4,26.3,94,25.3,150.0,2.1,1002.6,1006.5,2021-06-27 13:53:00,24.5,2021-06-27 03:57:00,71,2021-06-27 12:46:00,2.5,2021-06-27 16:38:00,1.5,2021-06-27 01:54:00,200.0,8.8,2021-06-27 00:01:00,31.6,2021-06-27 12:46:00,1009.5,13.87,8.3,0,8.5
2021-06-28,27.5,27.9,27.4,28.1,28.4,27.8,1003.5,25.6,97,25.1,140.0,2.7,1002.1,1004.8,2021-06-28 15:47:00,24.1,2021-06-28 02:55:00,77,2021-06-28 14:48:00,12.5,2021-06-28 16:41:00,6.0,2021-06-28 10:38:00,190.0,7.6,2021-06-28 10:43:00,30.3,2021-06-28 14:04:00,1008.6,10.34,6.8,0,57.0
2021-06-29,27.3,28.0,27.2,27.9,28.3,27.6,1004.1,25.6,96,25.0,130.0,2.2,1003.1,1005.1,2021-06-29 13:47:00,23.6,2021-06-29 15:39:00,80,2021-06-29 11:43:00,25.5,2021-06-29 14:36:00,10.5,2021-06-29 15:01:00,200.0,11.8,2021-06-29 22:34:00,30.1,2021-06-29 13:42:00,1009.3,8.71,6.0,0,48.5
2021-06-30,28.1,28.0,27.4,27.9,28.2,28.0,1004.5,28.3,84,25.2,180.0,1.9,1003.3,1005.7,2021-06-30 04:03:00,24.7,2021-06-30 05:32:00,61,2021-06-30 12:56:00,0.0,2021-06-30 00:00:00,0.0,2021-06-30 00:00:00,220.0,7.3,2021-06-30 10:56:00,33.0,2021-06-30 13:32:00,1009.7,22.18,11.2,0,0.0
2021-07-01,29.3,28.0,28.5,28.8,28.5,29.1,1004.5,28.9,80,25.0,180.0,1.8,1002.8,1006.1,2021-07-01 16:07:00,24.7,2021-07-01 05:04:00,55,2021-07-01 14:48:00,0.0,2021-07-01 00:00:00,0.0,2021-07-01 00:00:00,290.0,6.6,2021-07-01 23:24:00,34.2,2021-07-01 12:10:00,1009.6,27.70,11.8,0,0.0
2021-07-02,30.0,28.1,29.3,29.5,28.9,29.9,1004.8,28.9,83,25.7,230.0,1.4,1003.4,1006.0,2021-07-02 16:25:00,25.3,2021-07-02 04:55:00,62,2021-07-02 11:17:00,0.0,2021-07-02 00:00:00,0.0,2021-07-02 00:00:00,270.0,6.5,2021-07-02 22:06:00,33.7,2021-07-02 13:08:00,1009.9,24.76,11.7,0,0.0
2021-07-03,30.3,28.2,29.7,29.9,29.2,30.2,1004.3,29.4,82,25.8,190.0,1.5,1002.8,1006.1,2021-07-03 15:55:00,25.7,2021-07-03 01:36:00,57,2021-07-03 11:46:00,0.0,2021-07-03 00:00:00,0.0,2021-07-03 00:00:00,210.0,6.6,2021-07-03 22:34:00,34.4,2021-07-03 12:00:00,1009.4,25.06,11.1,0,0.0
2021-07-04,30.4,28.3,29.9,30.2,29.5,30.4,1004.5,28.9,86,26.2,360.0,1.6,1003.4,1005.9,2021-07-04 15:18:00,25.1,2021-07-04 05:27:00,64,2021-07-04 12:28:00,0.0,2021-07-04 00:00:00,0.0,2021-07-04 00:00:00,310.0,7.5,2021-07-04 22:16:00,33.7,2021-07-04 13:33:00,1009.6,22.16,10.5,0,0.0
2021-07-05,30.3,28.5,29.9,30.2,29.7,30.3,1003.5,28.6,86,25.8,10.0,1.3,1001.6,1005.1,2021-07-05 19:26:00,24.7,2021-07-05 05:17:00,57,2021-07-05 12:41:00,0.0,2021-07-05 00:00:00,0.0,2021-07-05 00:00:00,330.0,8.2,2021-07-05 00:05:00,34.6,2021-07-05 13:44:00,1008.6,19.16,9.7,0,0.0
2021-07-06,29.9,28.6,29.6,30.1,29.8,30.0,1003.5,28.4,88,26.2,200.0,2.1,999.7,1007.6,0,26.1,0,64,0,0.5,0,0.5,0,210.0,8.0,0,32.7,0,1008.6,19.20,9.3,0,0.5
2021-07-07,0,0,0,0,0,0,0,0,0,0,0,0,0,0,0,0,0,0,0,0,0,0,0,0,0,0,0,0,0,0,0,0,0
2021-07-08,0,0,0,0,0,0,0,0,0,0,0,0,0,0,0,0,0,0,0,0,0,0,0,0,0,0,0,0,0,0,0,0,0
2021-07-09,0,0,0,0,0,0,0,0,0,0,0,0,0,0,0,0,0,0,0,0,0,0,0,0,0,0,0,0,0,0,0,0,0
2021-07-10,0,0,0,0,0,0,0,0,0,0,0,0,0,0,0,0,0,0,0,0,0,0,0,0,0,0,0,0,0,0,0,0,0
2021-07-11,0,0,0,0,0,0,0,0,0,0,0,0,0,0,0,0,0,0,0,0,0,0,0,0,0,0,0,0,0,0,0,0,0
2021-07-12,0,0,0,0,0,0,0,0,0,0,0,0,0,0,0,0,0,0,0,0,0,0,0,0,0,0,0,0,0,0,0,0,0
2021-07-13,0,0,0,0,0,0,0,0,0,0,0,0,0,0,0,0,0,0,0,0,0,0,0,0,0,0,0,0,0,0,0,0,0
2021-07-14,0,0,0,0,0,0,0,0,0,0,0,0,0,0,0,0,0,0,0,0,0,0,0,0,0,0,0,0,0,0,0,0,0
2021-07-15,0,0,0,0,0,0,0,0,0,0,0,0,0,0,0,0,0,0,0,0,0,0,0,0,0,0,0,0,0,0,0,0,0
2021-07-16,0,0,0,0,0,0,0,0,0,0,0,0,0,0,0,0,0,0,0,0,0,0,0,0,0,0,0,0,0,0,0,0,0
2021-07-17,0,0,0,0,0,0,0,0,0,0,0,0,0,0,0,0,0,0,0,0,0,0,0,0,0,0,0,0,0,0,0,0,0
2021-07-18,0,0,0,0,0,0,0,0,0,0,0,0,0,0,0,0,0,0,0,0,0,0,0,0,0,0,0,0,0,0,0,0,0
2021-07-19,0,0,0,0,0,0,0,0,0,0,0,0,0,0,0,0,0,0,0,0,0,0,0,0,0,0,0,0,0,0,0,0,0
2021-07-20,0,0,0,0,0,0,0,0,0,0,0,0,0,0,0,0,0,0,0,0,0,0,0,0,0,0,0,0,0,0,0,0,0
2021-07-21,0,0,0,0,0,0,0,0,0,0,0,0,0,0,0,0,0,0,0,0,0,0,0,0,0,0,0,0,0,0,0,0,0
2021-07-22,0,0,0,0,0,0,0,0,0,0,0,0,0,0,0,0,0,0,0,0,0,0,0,0,0,0,0,0,0,0,0,0,0
2021-07-23,0,0,0,0,0,0,0,0,0,0,0,0,0,0,0,0,0,0,0,0,0,0,0,0,0,0,0,0,0,0,0,0,0
2021-07-24,0,0,0,0,0,0,0,0,0,0,0,0,0,0,0,0,0,0,0,0,0,0,0,0,0,0,0,0,0,0,0,0,0
2021-07-25,0,0,0,0,0,0,0,0,0,0,0,0,0,0,0,0,0,0,0,0,0,0,0,0,0,0,0,0,0,0,0,0,0
2021-07-26,0,0,0,0,0,0,0,0,0,0,0,0,0,0,0,0,0,0,0,0,0,0,0,0,0,0,0,0,0,0,0,0,0
2021-07-27,0,0,0,0,0,0,0,0,0,0,0,0,0,0,0,0,0,0,0,0,0,0,0,0,0,0,0,0,0,0,0,0,0
2021-07-28,0,0,0,0,0,0,0,0,0,0,0,0,0,0,0,0,0,0,0,0,0,0,0,0,0,0,0,0,0,0,0,0,0
2021-07-29,0,0,0,0,0,0,0,0,0,0,0,0,0,0,0,0,0,0,0,0,0,0,0,0,0,0,0,0,0,0,0,0,0
2021-07-30,0,0,0,0,0,0,0,0,0,0,0,0,0,0,0,0,0,0,0,0,0,0,0,0,0,0,0,0,0,0,0,0,0
2021-07-31,0,0,0,0,0,0,0,0,0,0,0,0,0,0,0,0,0,0,0,0,0,0,0,0,0,0,0,0,0,0,0,0,0
2021-08-01,0,0,0,0,0,0,0,0,0,0,0,0,0,0,0,0,0,0,0,0,0,0,0,0,0,0,0,0,0,0,0,0,0
2021-08-02,0,0,0,0,0,0,0,0,0,0,0,0,0,0,0,0,0,0,0,0,0,0,0,0,0,0,0,0,0,0,0,0,0
2021-08-03,0,0,0,0,0,0,0,0,0,0,0,0,0,0,0,0,0,0,0,0,0,0,0,0,0,0,0,0,0,0,0,0,0
2021-08-04,0,0,0,0,0,0,0,0,0,0,0,0,0,0,0,0,0,0,0,0,0,0,0,0,0,0,0,0,0,0,0,0,0
2021-08-05,0,0,0,0,0,0,0,0,0,0,0,0,0,0,0,0,0,0,0,0,0,0,0,0,0,0,0,0,0,0,0,0,0
2021-08-06,0,0,0,0,0,0,0,0,0,0,0,0,0,0,0,0,0,0,0,0,0,0,0,0,0,0,0,0,0,0,0,0,0
2021-08-07,0,0,0,0,0,0,0,0,0,0,0,0,0,0,0,0,0,0,0,0,0,0,0,0,0,0,0,0,0,0,0,0,0
2021-08-08,0,0,0,0,0,0,0,0,0,0,0,0,0,0,0,0,0,0,0,0,0,0,0,0,0,0,0,0,0,0,0,0,0
2021-08-09,0,0,0,0,0,0,0,0,0,0,0,0,0,0,0,0,0,0,0,0,0,0,0,0,0,0,0,0,0,0,0,0,0
2021-08-10,0,0,0,0,0,0,0,0,0,0,0,0,0,0,0,0,0,0,0,0,0,0,0,0,0,0,0,0,0,0,0,0,0
2021-08-11,0,0,0,0,0,0,0,0,0,0,0,0,0,0,0,0,0,0,0,0,0,0,0,0,0,0,0,0,0,0,0,0,0
2021-08-12,0,0,0,0,0,0,0,0,0,0,0,0,0,0,0,0,0,0,0,0,0,0,0,0,0,0,0,0,0,0,0,0,0
2021-08-13,0,0,0,0,0,0,0,0,0,0,0,0,0,0,0,0,0,0,0,0,0,0,0,0,0,0,0,0,0,0,0,0,0
2021-08-14,0,0,0,0,0,0,0,0,0,0,0,0,0,0,0,0,0,0,0,0,0,0,0,0,0,0,0,0,0,0,0,0,0
2021-08-15,0,0,0,0,0,0,0,0,0,0,0,0,0,0,0,0,0,0,0,0,0,0,0,0,0,0,0,0,0,0,0,0,0
2021-08-16,0,0,0,0,0,0,0,0,0,0,0,0,0,0,0,0,0,0,0,0,0,0,0,0,0,0,0,0,0,0,0,0,0
2021-08-17,0,0,0,0,0,0,0,0,0,0,0,0,0,0,0,0,0,0,0,0,0,0,0,0,0,0,0,0,0,0,0,0,0
2021-08-18,0,0,0,0,0,0,0,0,0,0,0,0,0,0,0,0,0,0,0,0,0,0,0,0,0,0,0,0,0,0,0,0,0
2021-08-19,0,0,0,0,0,0,0,0,0,0,0,0,0,0,0,0,0,0,0,0,0,0,0,0,0,0,0,0,0,0,0,0,0
2021-08-20,0,0,0,0,0,0,0,0,0,0,0,0,0,0,0,0,0,0,0,0,0,0,0,0,0,0,0,0,0,0,0,0,0
2021-08-21,0,0,0,0,0,0,0,0,0,0,0,0,0,0,0,0,0,0,0,0,0,0,0,0,0,0,0,0,0,0,0,0,0
2021-08-22,0,0,0,0,0,0,0,0,0,0,0,0,0,0,0,0,0,0,0,0,0,0,0,0,0,0,0,0,0,0,0,0,0
2021-08-23,0,0,0,0,0,0,0,0,0,0,0,0,0,0,0,0,0,0,0,0,0,0,0,0,0,0,0,0,0,0,0,0,0
2021-08-24,0,0,0,0,0,0,0,0,0,0,0,0,0,0,0,0,0,0,0,0,0,0,0,0,0,0,0,0,0,0,0,0,0
2021-08-25,0,0,0,0,0,0,0,0,0,0,0,0,0,0,0,0,0,0,0,0,0,0,0,0,0,0,0,0,0,0,0,0,0
2021-08-26,0,0,0,0,0,0,0,0,0,0,0,0,0,0,0,0,0,0,0,0,0,0,0,0,0,0,0,0,0,0,0,0,0
2021-08-27,0,0,0,0,0,0,0,0,0,0,0,0,0,0,0,0,0,0,0,0,0,0,0,0,0,0,0,0,0,0,0,0,0
2021-08-28,0,0,0,0,0,0,0,0,0,0,0,0,0,0,0,0,0,0,0,0,0,0,0,0,0,0,0,0,0,0,0,0,0
2021-08-29,0,0,0,0,0,0,0,0,0,0,0,0,0,0,0,0,0,0,0,0,0,0,0,0,0,0,0,0,0,0,0,0,0
2021-08-30,0,0,0,0,0,0,0,0,0,0,0,0,0,0,0,0,0,0,0,0,0,0,0,0,0,0,0,0,0,0,0,0,0
2021-08-31,0,0,0,0,0,0,0,0,0,0,0,0,0,0,0,0,0,0,0,0,0,0,0,0,0,0,0,0,0,0,0,0,0
2021-09-01,0,0,0,0,0,0,0,0,0,0,0,0,0,0,0,0,0,0,0,0,0,0,0,0,0,0,0,0,0,0,0,0,0
2021-09-02,0,0,0,0,0,0,0,0,0,0,0,0,0,0,0,0,0,0,0,0,0,0,0,0,0,0,0,0,0,0,0,0,0
2021-09-03,0,0,0,0,0,0,0,0,0,0,0,0,0,0,0,0,0,0,0,0,0,0,0,0,0,0,0,0,0,0,0,0,0
2021-09-04,0,0,0,0,0,0,0,0,0,0,0,0,0,0,0,0,0,0,0,0,0,0,0,0,0,0,0,0,0,0,0,0,0
2021-09-05,0,0,0,0,0,0,0,0,0,0,0,0,0,0,0,0,0,0,0,0,0,0,0,0,0,0,0,0,0,0,0,0,0
2021-09-06,0,0,0,0,0,0,0,0,0,0,0,0,0,0,0,0,0,0,0,0,0,0,0,0,0,0,0,0,0,0,0,0,0
2021-09-07,0,0,0,0,0,0,0,0,0,0,0,0,0,0,0,0,0,0,0,0,0,0,0,0,0,0,0,0,0,0,0,0,0
2021-09-08,0,0,0,0,0,0,0,0,0,0,0,0,0,0,0,0,0,0,0,0,0,0,0,0,0,0,0,0,0,0,0,0,0
2021-09-09,0,0,0,0,0,0,0,0,0,0,0,0,0,0,0,0,0,0,0,0,0,0,0,0,0,0,0,0,0,0,0,0,0
2021-09-10,0,0,0,0,0,0,0,0,0,0,0,0,0,0,0,0,0,0,0,0,0,0,0,0,0,0,0,0,0,0,0,0,0
2021-09-11,0,0,0,0,0,0,0,0,0,0,0,0,0,0,0,0,0,0,0,0,0,0,0,0,0,0,0,0,0,0,0,0,0
2021-09-12,0,0,0,0,0,0,0,0,0,0,0,0,0,0,0,0,0,0,0,0,0,0,0,0,0,0,0,0,0,0,0,0,0
2021-09-13,0,0,0,0,0,0,0,0,0,0,0,0,0,0,0,0,0,0,0,0,0,0,0,0,0,0,0,0,0,0,0,0,0
2021-09-14,0,0,0,0,0,0,0,0,0,0,0,0,0,0,0,0,0,0,0,0,0,0,0,0,0,0,0,0,0,0,0,0,0
2021-09-15,0,0,0,0,0,0,0,0,0,0,0,0,0,0,0,0,0,0,0,0,0,0,0,0,0,0,0,0,0,0,0,0,0
2021-09-16,0,0,0,0,0,0,0,0,0,0,0,0,0,0,0,0,0,0,0,0,0,0,0,0,0,0,0,0,0,0,0,0,0
2021-09-17,0,0,0,0,0,0,0,0,0,0,0,0,0,0,0,0,0,0,0,0,0,0,0,0,0,0,0,0,0,0,0,0,0
2021-09-18,0,0,0,0,0,0,0,0,0,0,0,0,0,0,0,0,0,0,0,0,0,0,0,0,0,0,0,0,0,0,0,0,0
2021-09-19,0,0,0,0,0,0,0,0,0,0,0,0,0,0,0,0,0,0,0,0,0,0,0,0,0,0,0,0,0,0,0,0,0
2021-09-20,0,0,0,0,0,0,0,0,0,0,0,0,0,0,0,0,0,0,0,0,0,0,0,0,0,0,0,0,0,0,0,0,0
2021-09-21,0,0,0,0,0,0,0,0,0,0,0,0,0,0,0,0,0,0,0,0,0,0,0,0,0,0,0,0,0,0,0,0,0
2021-09-22,0,0,0,0,0,0,0,0,0,0,0,0,0,0,0,0,0,0,0,0,0,0,0,0,0,0,0,0,0,0,0,0,0
2021-09-23,0,0,0,0,0,0,0,0,0,0,0,0,0,0,0,0,0,0,0,0,0,0,0,0,0,0,0,0,0,0,0,0,0
2021-09-24,0,0,0,0,0,0,0,0,0,0,0,0,0,0,0,0,0,0,0,0,0,0,0,0,0,0,0,0,0,0,0,0,0
2021-09-25,0,0,0,0,0,0,0,0,0,0,0,0,0,0,0,0,0,0,0,0,0,0,0,0,0,0,0,0,0,0,0,0,0
2021-09-26,0,0,0,0,0,0,0,0,0,0,0,0,0,0,0,0,0,0,0,0,0,0,0,0,0,0,0,0,0,0,0,0,0
2021-09-27,0,0,0,0,0,0,0,0,0,0,0,0,0,0,0,0,0,0,0,0,0,0,0,0,0,0,0,0,0,0,0,0,0
2021-09-28,0,0,0,0,0,0,0,0,0,0,0,0,0,0,0,0,0,0,0,0,0,0,0,0,0,0,0,0,0,0,0,0,0
2021-09-29,0,0,0,0,0,0,0,0,0,0,0,0,0,0,0,0,0,0,0,0,0,0,0,0,0,0,0,0,0,0,0,0,0
2021-09-30,0,0,0,0,0,0,0,0,0,0,0,0,0,0,0,0,0,0,0,0,0,0,0,0,0,0,0,0,0,0,0,0,0
2021-10-01,0,0,0,0,0,0,0,0,0,0,0,0,0,0,0,0,0,0,0,0,0,0,0,0,0,0,0,0,0,0,0,0,0
2021-10-02,0,0,0,0,0,0,0,0,0,0,0,0,0,0,0,0,0,0,0,0,0,0,0,0,0,0,0,0,0,0,0,0,0
2021-10-03,0,0,0,0,0,0,0,0,0,0,0,0,0,0,0,0,0,0,0,0,0,0,0,0,0,0,0,0,0,0,0,0,0
2021-10-04,0,0,0,0,0,0,0,0,0,0,0,0,0,0,0,0,0,0,0,0,0,0,0,0,0,0,0,0,0,0,0,0,0
2021-10-05,0,0,0,0,0,0,0,0,0,0,0,0,0,0,0,0,0,0,0,0,0,0,0,0,0,0,0,0,0,0,0,0,0
2021-10-06,0,0,0,0,0,0,0,0,0,0,0,0,0,0,0,0,0,0,0,0,0,0,0,0,0,0,0,0,0,0,0,0,0
2021-10-07,0,0,0,0,0,0,0,0,0,0,0,0,0,0,0,0,0,0,0,0,0,0,0,0,0,0,0,0,0,0,0,0,0
2021-10-08,0,0,0,0,0,0,0,0,0,0,0,0,0,0,0,0,0,0,0,0,0,0,0,0,0,0,0,0,0,0,0,0,0
2021-10-09,0,0,0,0,0,0,0,0,0,0,0,0,0,0,0,0,0,0,0,0,0,0,0,0,0,0,0,0,0,0,0,0,0
2021-10-10,0,0,0,0,0,0,0,0,0,0,0,0,0,0,0,0,0,0,0,0,0,0,0,0,0,0,0,0,0,0,0,0,0
2021-10-11,0,0,0,0,0,0,0,0,0,0,0,0,0,0,0,0,0,0,0,0,0,0,0,0,0,0,0,0,0,0,0,0,0
2021-10-12,0,0,0,0,0,0,0,0,0,0,0,0,0,0,0,0,0,0,0,0,0,0,0,0,0,0,0,0,0,0,0,0,0
2021-10-13,0,0,0,0,0,0,0,0,0,0,0,0,0,0,0,0,0,0,0,0,0,0,0,0,0,0,0,0,0,0,0,0,0
2021-10-14,0,0,0,0,0,0,0,0,0,0,0,0,0,0,0,0,0,0,0,0,0,0,0,0,0,0,0,0,0,0,0,0,0
2021-10-15,0,0,0,0,0,0,0,0,0,0,0,0,0,0,0,0,0,0,0,0,0,0,0,0,0,0,0,0,0,0,0,0,0
2021-10-16,0,0,0,0,0,0,0,0,0,0,0,0,0,0,0,0,0,0,0,0,0,0,0,0,0,0,0,0,0,0,0,0,0
2021-10-17,0,0,0,0,0,0,0,0,0,0,0,0,0,0,0,0,0,0,0,0,0,0,0,0,0,0,0,0,0,0,0,0,0
2021-10-18,0,0,0,0,0,0,0,0,0,0,0,0,0,0,0,0,0,0,0,0,0,0,0,0,0,0,0,0,0,0,0,0,0
2021-10-19,0,0,0,0,0,0,0,0,0,0,0,0,0,0,0,0,0,0,0,0,0,0,0,0,0,0,0,0,0,0,0,0,0
2021-10-20,0,0,0,0,0,0,0,0,0,0,0,0,0,0,0,0,0,0,0,0,0,0,0,0,0,0,0,0,0,0,0,0,0
2021-10-21,0,0,0,0,0,0,0,0,0,0,0,0,0,0,0,0,0,0,0,0,0,0,0,0,0,0,0,0,0,0,0,0,0
2021-10-22,0,0,0,0,0,0,0,0,0,0,0,0,0,0,0,0,0,0,0,0,0,0,0,0,0,0,0,0,0,0,0,0,0
2021-10-23,0,0,0,0,0,0,0,0,0,0,0,0,0,0,0,0,0,0,0,0,0,0,0,0,0,0,0,0,0,0,0,0,0
2021-10-24,0,0,0,0,0,0,0,0,0,0,0,0,0,0,0,0,0,0,0,0,0,0,0,0,0,0,0,0,0,0,0,0,0
2021-10-25,0,0,0,0,0,0,0,0,0,0,0,0,0,0,0,0,0,0,0,0,0,0,0,0,0,0,0,0,0,0,0,0,0
2021-10-26,0,0,0,0,0,0,0,0,0,0,0,0,0,0,0,0,0,0,0,0,0,0,0,0,0,0,0,0,0,0,0,0,0
2021-10-27,0,0,0,0,0,0,0,0,0,0,0,0,0,0,0,0,0,0,0,0,0,0,0,0,0,0,0,0,0,0,0,0,0
2021-10-28,0,0,0,0,0,0,0,0,0,0,0,0,0,0,0,0,0,0,0,0,0,0,0,0,0,0,0,0,0,0,0,0,0
2021-10-29,0,0,0,0,0,0,0,0,0,0,0,0,0,0,0,0,0,0,0,0,0,0,0,0,0,0,0,0,0,0,0,0,0
2021-10-30,0,0,0,0,0,0,0,0,0,0,0,0,0,0,0,0,0,0,0,0,0,0,0,0,0,0,0,0,0,0,0,0,0
2021-10-31,0,0,0,0,0,0,0,0,0,0,0,0,0,0,0,0,0,0,0,0,0,0,0,0,0,0,0,0,0,0,0,0,0
2021-11-01,0,0,0,0,0,0,0,0,0,0,0,0,0,0,0,0,0,0,0,0,0,0,0,0,0,0,0,0,0,0,0,0,0
2021-11-02,0,0,0,0,0,0,0,0,0,0,0,0,0,0,0,0,0,0,0,0,0,0,0,0,0,0,0,0,0,0,0,0,0
2021-11-03,0,0,0,0,0,0,0,0,0,0,0,0,0,0,0,0,0,0,0,0,0,0,0,0,0,0,0,0,0,0,0,0,0
2021-11-04,0,0,0,0,0,0,0,0,0,0,0,0,0,0,0,0,0,0,0,0,0,0,0,0,0,0,0,0,0,0,0,0,0
2021-11-05,0,0,0,0,0,0,0,0,0,0,0,0,0,0,0,0,0,0,0,0,0,0,0,0,0,0,0,0,0,0,0,0,0
2021-11-06,0,0,0,0,0,0,0,0,0,0,0,0,0,0,0,0,0,0,0,0,0,0,0,0,0,0,0,0,0,0,0,0,0
2021-11-07,0,0,0,0,0,0,0,0,0,0,0,0,0,0,0,0,0,0,0,0,0,0,0,0,0,0,0,0,0,0,0,0,0
2021-11-08,0,0,0,0,0,0,0,0,0,0,0,0,0,0,0,0,0,0,0,0,0,0,0,0,0,0,0,0,0,0,0,0,0
2021-11-09,0,0,0,0,0,0,0,0,0,0,0,0,0,0,0,0,0,0,0,0,0,0,0,0,0,0,0,0,0,0,0,0,0
2021-11-10,0,0,0,0,0,0,0,0,0,0,0,0,0,0,0,0,0,0,0,0,0,0,0,0,0,0,0,0,0,0,0,0,0
2021-11-11,0,0,0,0,0,0,0,0,0,0,0,0,0,0,0,0,0,0,0,0,0,0,0,0,0,0,0,0,0,0,0,0,0
2021-11-12,0,0,0,0,0,0,0,0,0,0,0,0,0,0,0,0,0,0,0,0,0,0,0,0,0,0,0,0,0,0,0,0,0
2021-11-13,0,0,0,0,0,0,0,0,0,0,0,0,0,0,0,0,0,0,0,0,0,0,0,0,0,0,0,0,0,0,0,0,0
2021-11-14,0,0,0,0,0,0,0,0,0,0,0,0,0,0,0,0,0,0,0,0,0,0,0,0,0,0,0,0,0,0,0,0,0
2021-11-15,0,0,0,0,0,0,0,0,0,0,0,0,0,0,0,0,0,0,0,0,0,0,0,0,0,0,0,0,0,0,0,0,0
2021-11-16,0,0,0,0,0,0,0,0,0,0,0,0,0,0,0,0,0,0,0,0,0,0,0,0,0,0,0,0,0,0,0,0,0
2021-11-17,0,0,0,0,0,0,0,0,0,0,0,0,0,0,0,0,0,0,0,0,0,0,0,0,0,0,0,0,0,0,0,0,0
2021-11-18,0,0,0,0,0,0,0,0,0,0,0,0,0,0,0,0,0,0,0,0,0,0,0,0,0,0,0,0,0,0,0,0,0
2021-11-19,0,0,0,0,0,0,0,0,0,0,0,0,0,0,0,0,0,0,0,0,0,0,0,0,0,0,0,0,0,0,0,0,0
2021-11-20,0,0,0,0,0,0,0,0,0,0,0,0,0,0,0,0,0,0,0,0,0,0,0,0,0,0,0,0,0,0,0,0,0
2021-11-21,0,0,0,0,0,0,0,0,0,0,0,0,0,0,0,0,0,0,0,0,0,0,0,0,0,0,0,0,0,0,0,0,0
2021-11-22,0,0,0,0,0,0,0,0,0,0,0,0,0,0,0,0,0,0,0,0,0,0,0,0,0,0,0,0,0,0,0,0,0
2021-11-23,0,0,0,0,0,0,0,0,0,0,0,0,0,0,0,0,0,0,0,0,0,0,0,0,0,0,0,0,0,0,0,0,0
2021-11-24,0,0,0,0,0,0,0,0,0,0,0,0,0,0,0,0,0,0,0,0,0,0,0,0,0,0,0,0,0,0,0,0,0
2021-11-25,0,0,0,0,0,0,0,0,0,0,0,0,0,0,0,0,0,0,0,0,0,0,0,0,0,0,0,0,0,0,0,0,0
2021-11-26,0,0,0,0,0,0,0,0,0,0,0,0,0,0,0,0,0,0,0,0,0,0,0,0,0,0,0,0,0,0,0,0,0
2021-11-27,0,0,0,0,0,0,0,0,0,0,0,0,0,0,0,0,0,0,0,0,0,0,0,0,0,0,0,0,0,0,0,0,0
2021-11-28,0,0,0,0,0,0,0,0,0,0,0,0,0,0,0,0,0,0,0,0,0,0,0,0,0,0,0,0,0,0,0,0,0
2021-11-29,0,0,0,0,0,0,0,0,0,0,0,0,0,0,0,0,0,0,0,0,0,0,0,0,0,0,0,0,0,0,0,0,0
2021-11-30,0,0,0,0,0,0,0,0,0,0,0,0,0,0,0,0,0,0,0,0,0,0,0,0,0,0,0,0,0,0,0,0,0
2021-12-01,0,0,0,0,0,0,0,0,0,0,0,0,0,0,0,0,0,0,0,0,0,0,0,0,0,0,0,0,0,0,0,0,0
2021-12-02,0,0,0,0,0,0,0,0,0,0,0,0,0,0,0,0,0,0,0,0,0,0,0,0,0,0,0,0,0,0,0,0,0
2021-12-03,0,0,0,0,0,0,0,0,0,0,0,0,0,0,0,0,0,0,0,0,0,0,0,0,0,0,0,0,0,0,0,0,0
2021-12-04,0,0,0,0,0,0,0,0,0,0,0,0,0,0,0,0,0,0,0,0,0,0,0,0,0,0,0,0,0,0,0,0,0
2021-12-05,0,0,0,0,0,0,0,0,0,0,0,0,0,0,0,0,0,0,0,0,0,0,0,0,0,0,0,0,0,0,0,0,0
2021-12-06,0,0,0,0,0,0,0,0,0,0,0,0,0,0,0,0,0,0,0,0,0,0,0,0,0,0,0,0,0,0,0,0,0
2021-12-07,0,0,0,0,0,0,0,0,0,0,0,0,0,0,0,0,0,0,0,0,0,0,0,0,0,0,0,0,0,0,0,0,0
2021-12-08,0,0,0,0,0,0,0,0,0,0,0,0,0,0,0,0,0,0,0,0,0,0,0,0,0,0,0,0,0,0,0,0,0
2021-12-09,0,0,0,0,0,0,0,0,0,0,0,0,0,0,0,0,0,0,0,0,0,0,0,0,0,0,0,0,0,0,0,0,0
2021-12-10,0,0,0,0,0,0,0,0,0,0,0,0,0,0,0,0,0,0,0,0,0,0,0,0,0,0,0,0,0,0,0,0,0
2021-12-11,0,0,0,0,0,0,0,0,0,0,0,0,0,0,0,0,0,0,0,0,0,0,0,0,0,0,0,0,0,0,0,0,0
2021-12-12,0,0,0,0,0,0,0,0,0,0,0,0,0,0,0,0,0,0,0,0,0,0,0,0,0,0,0,0,0,0,0,0,0
2021-12-13,0,0,0,0,0,0,0,0,0,0,0,0,0,0,0,0,0,0,0,0,0,0,0,0,0,0,0,0,0,0,0,0,0
2021-12-14,0,0,0,0,0,0,0,0,0,0,0,0,0,0,0,0,0,0,0,0,0,0,0,0,0,0,0,0,0,0,0,0,0
2021-12-15,0,0,0,0,0,0,0,0,0,0,0,0,0,0,0,0,0,0,0,0,0,0,0,0,0,0,0,0,0,0,0,0,0
2021-12-16,0,0,0,0,0,0,0,0,0,0,0,0,0,0,0,0,0,0,0,0,0,0,0,0,0,0,0,0,0,0,0,0,0
2021-12-17,0,0,0,0,0,0,0,0,0,0,0,0,0,0,0,0,0,0,0,0,0,0,0,0,0,0,0,0,0,0,0,0,0
2021-12-18,0,0,0,0,0,0,0,0,0,0,0,0,0,0,0,0,0,0,0,0,0,0,0,0,0,0,0,0,0,0,0,0,0
2021-12-19,0,0,0,0,0,0,0,0,0,0,0,0,0,0,0,0,0,0,0,0,0,0,0,0,0,0,0,0,0,0,0,0,0
2021-12-20,0,0,0,0,0,0,0,0,0,0,0,0,0,0,0,0,0,0,0,0,0,0,0,0,0,0,0,0,0,0,0,0,0
2021-12-21,0,0,0,0,0,0,0,0,0,0,0,0,0,0,0,0,0,0,0,0,0,0,0,0,0,0,0,0,0,0,0,0,0
2021-12-22,0,0,0,0,0,0,0,0,0,0,0,0,0,0,0,0,0,0,0,0,0,0,0,0,0,0,0,0,0,0,0,0,0
2021-12-23,0,0,0,0,0,0,0,0,0,0,0,0,0,0,0,0,0,0,0,0,0,0,0,0,0,0,0,0,0,0,0,0,0
2021-12-24,0,0,0,0,0,0,0,0,0,0,0,0,0,0,0,0,0,0,0,0,0,0,0,0,0,0,0,0,0,0,0,0,0
2021-12-25,0,0,0,0,0,0,0,0,0,0,0,0,0,0,0,0,0,0,0,0,0,0,0,0,0,0,0,0,0,0,0,0,0
2021-12-26,0,0,0,0,0,0,0,0,0,0,0,0,0,0,0,0,0,0,0,0,0,0,0,0,0,0,0,0,0,0,0,0,0
2021-12-27,0,0,0,0,0,0,0,0,0,0,0,0,0,0,0,0,0,0,0,0,0,0,0,0,0,0,0,0,0,0,0,0,0
2021-12-28,0,0,0,0,0,0,0,0,0,0,0,0,0,0,0,0,0,0,0,0,0,0,0,0,0,0,0,0,0,0,0,0,0
2021-12-29,0,0,0,0,0,0,0,0,0,0,0,0,0,0,0,0,0,0,0,0,0,0,0,0,0,0,0,0,0,0,0,0,0
2021-12-30,0,0,0,0,0,0,0,0,0,0,0,0,0,0,0,0,0,0,0,0,0,0,0,0,0,0,0,0,0,0,0,0,0
2021-12-31,0,0,0,0,0,0,0,0,0,0,0,0,0,0,0,0,0,0,0,0,0,0,0,0,0,0,0,0,0,0,0,0,0
